202;1;4;1937 93 25 51 53,1936 92 24 51 51,1935 91 25 47 46,1934 137 71 -48 -49,1933 136 71 -51 -49,1932 88 22 45 48,1931 131 71 -47 -48,1930 130 72 -45 -47,1929 131 71 -45 -45,1928 130 72 -41 -43,1927 133 72 -43 -42,1926 88 27 40 42,1925 125 67 -39 -42,1924 83 25 46 42,1923 83 25 49 44,1922 85 20 43 47,1921 83 22 41 43,1920 125 62 -42 -38,1919 123 63 -40 -39,1918 125 60 -40 -38,1917 85 18 43 41,1916 82 18 39 40,1915 122 56 -44 -38,1914 120 55 -42 -37,1913 78 14 42 45,1912 120 55 -40 -37,1911 78 15 45 40,1910 79 13 45 40
202;1;18;1089 56 48 47 -59,1088 111 50 -53 -59,1087 117 52 -53 -62,1086 121 55 -56 -61,1085 126 56 -55 -57,1084 75 62 56 -59,1083 79 4 46 56
202;1;18;1082 119 21 37 40,1081 130 24 34 37
202;1;18;1082 77 6 48 53,1081 76 11 52 47,1080 80 10 50 50,1079 86 13 49 49,1078 87 13 53 52,1077 92 17 50 53,1076 97 19 46 47,1075 100 19 45 47,1074 104 22 45 45,1073 107 25 44 44,1072 110 26 45 45,1071 114 25 43 49,1070 116 26 44 49
202;1;18;1100 86 71 -123 -108,1099 82 65 -101 -86,1098 80 61 -88 -85,1097 85 55 -95 -77,1096 80 59 -83 -82,1095 87 62 -92 -83,1094 86 62 -86 -81,1093 90 63 -81 -80,1092 91 64 -77 -81,1091 96 58 -83 -70,1090 103 53 -89 -59
202;1;18;1089 17 62 51 -73,1088 20 56 51 -61,1087 20 56 56 -61,1086 20 59 59 -63,1085 22 57 60 -61,1084 22 60 63 -73,1083 22 58 62 -68,1082 24 53 57 -56,1081 22 55 59 -56,1080 22 58 58 -60,1079 22 0 62 56,1078 21 63 57 -61,1077 19 59 59 -53,1076 22 7 54 54,1075 21 7 52 53,1074 19 6 52 54,1073 17 7 50 54,1072 19 7 46 54,1071 17 7 52 52,1070 13 9 56 52
202;1;93;2934 36 15 -78 87,2933 44 17 -79 78,2932 41 94 -62 -83
202;1;93;2931 40 100 -51 -89,2930 44 14 -53 80,2929 57 19 -65 65,2928 57 19 -57 61,2927 62 19 -59 58,2926 5 19 64 59,2925 6 15 59 64,2924 64 20 -55 56,2923 12 24 51 52,2922 9 22 58 59,2921 14 18 54 64,2920 15 19 55 57,2919 15 11 56 67,2918 18 12 55 64,2917 72 16 -54 59,2916 76 15 -59 61,2915 19 16 55 60,2914 20 12 52 68,2913 18 15 56 62,2912 21 8 56 65,2911 23 8 58 61,2910 23 9 58 61
202;1;93;2909 58 1 38 34,2908 68 0 32 32,2907 73 0 48 27,2906 81 25 47 -32,2905 93 26 41 -39,2904 103 28 39 -44,2903 109 24 37 -41,2902 114 29 44 -41,2901 127 28 34 -39,2900 136 25 43 -38
202;1;93;2931 26 4 63 54,2930 52 49 74 -72,2929 74 34 65 -66,2928 80 26 74 -58
202;1;93;2909 24 15 52 56,2908 27 14 51 55,2907 25 15 54 54,2906 25 13 54 57,2905 26 17 55 56,2904 22 17 57 53,2903 24 17 50 52,2902 23 13 54 62,2901 25 15 54 59,2900 27 19 50 50,2899 27 15 54 56,2898 31 17 50 50,2897 30 13 55 53,2896 33 9 51 56,2895 29 9 58 55
202;1;93;2894 54 3 42 40,2893 60 1 40 40,2892 63 1 40 39,2891 65 3 42 36,2890 78 2 43 33,2889 83 2 41 31,2888 89 0 43 33,2887 104 25 38 -47
202;1;93;2894 32 18 44 48,2893 30 16 48 48,2892 30 17 48 46,2891 31 16 46 47,2890 32 18 45 37,2889 34 13 43 42,2888 35 13 41 40,2887 37 13 40 41,2886 34 13 48 39,2885 34 15 42 37,2884 66 17 -68 52,2883 41 16 -59 56,2882 40 26 -57 45
202;1;165;1054 74 112 58 51,1053 83 116 52 49,1052 83 114 60 55,1051 88 116 54 51,1050 87 114 57 58,1049 88 117 54 56,1048 86 122 54 51,1047 87 124 51 55,1046 90 127 44 54,1045 91 132 45 49,1044 91 132 53 50
202;1;279;1330 102 16 59 69,1329 100 14 59 69,1328 97 11 62 68,1327 96 12 61 67,1326 99 15 58 64,1325 94 11 63 68,1324 94 11 64 70,1323 90 9 68 73,1322 93 12 60 69,1321 91 12 61 70,1320 92 14 61 69,1319 160 91 -57 -65,1318 21 0 71 58,1317 14 1 66 67
202;1;316;1445 34 12 47 48,1444 39 6 48 48,1443 146 68 -56 -56,1442 137 62 -48 -48,1441 137 62 -47 -46,1440 93 19 43 42,1439 95 17 44 46,1438 99 23 46 48,1437 99 19 55 63,1436 106 23 46 54,1435 111 21 42 50,1434 108 19 52 56,1433 112 25 56 64
202;1;316;1443 136 99 57 59,1442 138 115 44 51,1441 135 110 47 50,1440 133 104 54 55,1439 134 97 54 58,1438 132 88 55 62,1437 126 80 46 53,1436 120 67 56 54,1435 123 62 48 56,1434 119 65 52 48,1433 114 75 60 53
202;1;316;1432 0 11 51 68
202;1;440;2039 49 107 62 55,2038 54 107 57 58,2037 54 110 57 51,2036 55 109 57 54,2035 57 111 56 54,2034 58 110 57 56,2033 55 110 62 61,2032 59 112 59 61,2031 63 110 59 63,2030 65 112 59 59,2029 68 110 55 65,2028 65 107 66 62
202;3;56;5295 99 0 53 65,5294 100 0 52 66,5293 97 1 58 70,5292 100 4 56 69,5291 101 4 59 74,5290 103 7 64 79
202;3;56;5289 104 5 63 54,5288 102 6 64 55,5287 102 6 64 61,5286 103 9 57 60,5285 97 5 64 68,5284 98 5 61 66,5283 97 8 60 59,5282 91 7 57 55,5281 87 5 62 56,5280 96 8 48 50,5279 94 10 55 54,5278 91 9 61 59,5277 91 9 59 62,5276 91 14 55 56
202;3;56;5289 118 46 51 51,5288 120 53 55 53,5287 126 58 52 55,5286 128 66 59 54,5285 134 75 55 53,5284 132 77 59 59
202;4;32;5541 8 84 48 48,5540 9 95 51 52,5539 12 112 41 44,5538 13 122 48 46
202;4;32;5537 11 136 37 32,5536 11 146 39 37
202;4;32;5537 37 129 35 34,5536 51 132 37 42
202;4;32;5541 51 2 56 53,5540 57 1 53 54,5539 56 2 55 51,5538 58 4 56 52,5537 61 6 53 51,5536 60 10 60 49,5535 62 11 59 49,5534 60 11 73 46
202;4;32;5533 95 17 49 50,5532 109 25 44 45,5531 121 28 46 45
202;4;32;5533 62 11 50 48,5532 58 12 49 48,5531 60 14 47 48,5530 69 15 46 47,5529 77 14 49 47
202;4;33;5550 86 41 -56 -47,5549 89 41 -58 -45,5548 32 42 55 -47,5547 86 44 -56 -47,5546 85 48 -57 -49,5545 86 51 -56 -51,5544 95 54 -58 -53,5543 50 4 61 48,5542 65 0 68 43
202;4;33;5550 60 87 -67 -58,5549 58 83 -74 -55,5548 55 90 -67 -59,5547 53 100 -63 -65,5546 51 106 -59 -66,5545 48 105 -55 -61,5544 51 107 -57 -64,5543 51 104 -55 -57,5542 52 107 -62 -68
202;4;47;5663 66 74 -82 -77
202;4;47;5662 48 80 -64 -60,5661 51 77 -61 -57,5660 50 75 -62 -55,5659 50 76 -61 -54
202;4;47;5662 82 44 -63 -55,5661 81 34 -56 -49,5660 77 34 -52 -43,5659 75 35 -54 -43
202;6;18;6550 110 112 67 73,6549 115 121 49 49,6548 110 122 51 52,6547 105 130 50 50,6546 102 136 50 48,6545 102 145 47 38,6544 102 148 43 33
202;6;18;6550 123 38 67 -64,6549 121 32 59 -52,6548 115 38 57 -71,6547 111 34 55 -61,6546 113 37 50 -68,6545 107 32 59 -52,6544 110 39 51 -61,6543 107 37 54 -55,6542 104 33 62 -50,6541 104 39 56 -61,6540 100 32 59 -53,6539 97 41 60 -63,6538 101 42 50 -60,6537 98 41 51 -56,6536 96 38 54 -45,6535 96 42 55 -49,6534 97 42 58 -50,6533 94 43 62 -54,6532 99 44 52 -54,6531 96 48 49 -55,6530 89 2 58 45,6529 88 3 52 46,6528 86 0 55 52,6527 86 2 51 47
202;8;19;7010 13 6 48 50,7009 12 16 45 45,7008 14 20 45 44,7007 12 26 46 47,7006 13 32 44 46,7005 9 36 45 46,7004 7 38 49 48,7003 10 48 45 45,7002 14 58 40 40,7001 14 62 45 47,7000 18 67 44 45
202;8;22;7044 100 113 63 52,7043 87 127 62 52,7042 76 30 -56 -52,7041 81 23 -56 -48,7040 83 18 -57 -44,7039 80 140 56 44,7038 82 140 57 49
202;8;22;7044 128 68 63 52,7043 119 60 52 54,7042 34 98 -54 -47,7041 28 97 -51 -44,7040 27 97 -50 -44,7039 128 63 53 45,7038 131 64 53 45
202;8;30;7092 139 37 -42 -50,7091 102 38 44 -41,7090 107 41 40 -41,7089 109 41 42 -40,7088 112 4 41 40,7087 114 10 40 40,7086 112 10 41 42,7085 111 11 40 40,7084 109 10 39 41,7083 104 9 41 41,7082 100 6 41 41,7081 97 10 40 41,7080 95 18 37 37,7079 88 21 37 36,7078 83 16 39 42
202;9;34;7259 24 98 45 42,7258 32 106 45 45,7257 38 113 41 39,7256 36 113 43 42,7255 39 114 43 41,7254 41 114 45 42,7253 44 114 49 46,7252 51 122 37 40,7251 48 118 46 47,7250 51 113 42 43,7249 55 110 42 44,7248 52 110 49 47,7247 52 110 50 49,7246 52 110 52 50,7245 55 110 46 48,7244 47 109 53 52
202;9;34;7243 41 111 58 52,7242 34 113 61 56,7241 23 114 72 60
202;9;34;7243 82 90 41 42,7242 82 90 41 41,7241 80 85 45 47
202;10;9;193 44 112 55 56,192 50 116 46 49
202;10;9;193 78 94 42 37,192 67 95 43 41
202;10;9;191 41 96 73 63,190 40 100 73 60,189 41 100 63 60,188 37 102 66 57,187 32 103 69 56,186 32 108 65 52,185 32 109 59 54,184 20 109 74 53,183 18 107 71 60,182 15 105 65 64,181 18 108 58 63,180 6 108 67 72
202;10;29;174 34 91 44 40,173 30 93 46 36,172 90 27 45 45,171 88 34 49 36,170 88 37 45 39,169 90 40 41 42,168 93 43 42 43,167 94 44 43 46,166 96 48 40 42,165 93 52 42 41,164 90 55 41 42,163 89 61 38 40,162 86 69 38 39,161 83 76 37 38,160 74 84 39 38,159 70 90 37 38,158 63 93 41 43,157 60 101 41 43,156 48 108 47 46,155 44 117 47 48,154 43 125 52 49,153 42 134 48 45,152 37 139 55 43,151 32 136 59 50,150 23 133 61 50,149 16 128 63 56,148 4 121 71 63,147 86 45 91 -66,146 98 52 95 -65
202;14;5;545 93 43 56 -58,544 93 41 58 -49,543 95 38 59 -48,542 97 34 58 -43,541 102 34 54 -45,540 105 34 47 -42
202;24;4;3252 20 145 -54 -69,3251 39 145 -63 -55,3250 63 146 -71 -50,3249 16 98 78 45
202;24;4;3248 19 103 46 45,3247 28 107 40 39,3246 35 107 42 41,3245 38 105 43 45,3244 37 103 45 45,3243 35 101 42 43,3242 27 87 42 46
202;24;4;3248 70 95 50 49,3247 105 89 43 45,3246 134 86 51 47,3245 135 88 49 47,3244 137 97 47 42,3243 138 103 44 41,3242 133 115 50 41
203;1;37;1725 95 16 50 38,1724 100 18 51 39,1723 107 16 44 42,1722 112 16 47 37,1721 118 14 42 44,1720 121 14 43 42,1719 123 13 48 44
203;1;37;1725 26 59 -49 -42,1724 25 21 -44 40,1723 33 65 -50 -46,1722 37 24 -49 45,1721 40 26 -49 43,1720 41 27 -44 44,1719 42 76 -47 -47
203;1;55;2392 67 14 40 42,2391 61 12 45 46,2390 54 12 46 43,2389 43 16 43 40,2388 31 23 38 38,2387 23 30 37 36,2386 22 30 37 37,2385 20 28 41 37,2384 20 26 44 38,2383 22 22 44 44,2382 66 24 -40 40
203;1;86;4058 41 35 58 39,4057 68 19 40 41,4056 100 22 -50 43,4055 53 30 55 39
203;1;103;1052 14 47 71 -60,1051 21 47 68 -55
203;1;103;1050 21 46 44 -50,1049 16 0 48 50,1048 11 0 58 49,1047 10 1 56 48,1046 8 3 50 46,1045 5 5 46 41,1044 0 4 48 44,1043 38 8 -42 43,1042 33 6 -48 52,1041 28 17 -52 43,1040 26 20 -51 55,1039 18 32 -41 52
203;1;103;1050 100 45 -47 -50,1049 107 50 -50 -55,1048 114 51 -51 -51,1047 118 51 -49 -49,1046 75 4 46 48,1045 75 7 54 47
203;1;103;1044 79 8 37 40,1043 75 5 42 42,1042 78 9 39 39,1041 73 5 42 42,1040 71 6 42 44,1039 66 7 43 42,1038 55 5 44 45
203;1;103;1044 105 17 32 42,1043 104 22 41 40,1042 108 21 45 47,1041 115 27 42 42,1040 112 23 48 49,1039 115 23 47 48,1038 112 18 47 45
203;1;117;1098 107 32 50 53,1097 35 5 50 49,1096 42 7 43 44,1095 40 9 46 42,1094 37 5 46 47
203;1;157;1192 120 105 -70 53,1191 108 108 -66 61
203;1;157;1190 66 114 41 42,1189 61 114 46 45,1188 59 117 48 45,1187 59 120 47 45,1186 59 127 42 36,1185 57 129 44 47,1184 53 135 44 44,1183 48 134 44 52
203;1;157;1190 32 127 47 42,1189 28 128 47 45,1188 23 133 47 45,1187 13 139 54 45,1186 9 140 50 46
203;1;196;1317 5 2 62 47,1316 16 9 48 43,1315 17 11 44 45,1314 15 13 42 44,1313 10 9 50 50,1312 13 12 47 48,1311 18 14 41 43,1310 21 15 44 47,1309 22 14 47 46
203;1;233;1368 82 105 60 55,1367 110 23 51 55
203;1;233;1366 77 118 50 48,1365 42 80 -48 54
203;1;233;1366 85 88 46 40,1365 30 85 45 49
203;1;233;1368 119 46 -82 -78,1367 37 50 -72 83,1366 115 40 -84 -76,1365 125 19 68 76
203;1;319;1589 104 116 53 54,1588 112 111 51 50,1587 114 102 46 50,1585 117 89 46 50,1584 116 83 45 52,1583 116 78 44 50
203;1;319;1587 68 112 41 32,1586 73 108 43 33,1585 86 101 37 38,1584 93 98 38 38,1583 99 91 34 43
203;1;319;1582 104 76 56 57,1581 107 74 52 56,1580 106 69 54 54,1579 113 71 46 51,1578 113 72 46 43,1577 116 70 43 41,1576 114 59 50 50
203;1;319;1589 125 0 38 34,1588 123 0 40 31,1587 117 0 42 29,1586 114 0 39 30,1585 105 0 45 34,1584 102 0 47 35,1583 99 0 50 42,1582 94 1 49 43,1581 95 4 50 44,1580 102 9 44 42,1579 107 12 45 45,1578 110 16 45 48,1577 118 21 43 47,1576 120 22 46 50
203;1;319;1575 119 30 55 67
203;1;376;1797 48 2 48 45,1796 70 111 47 47,1795 69 109 55 47
203;1;376;1796 4 100 45 43,1795 16 108 45 42
203;1;376;1794 62 110 62 48,1793 75 108 52 54,1792 80 110 54 51,1791 88 113 53 49,1790 94 116 51 51,1789 99 121 46 42,1788 96 123 54 50,1787 98 132 58 54,1786 91 132 72 59,1785 90 137 76 61
203;1;529;2217 42 141 -53 -54,2216 7 97 45 55,2215 15 107 48 48,2214 19 108 52 50,2213 21 111 51 47
203;1;529;2217 80 104 41 42,2216 80 106 38 37,2215 80 105 38 38,2214 67 107 51 38,2213 61 112 47 36
203;1;529;2212 27 113 54 42,2211 26 112 53 48,2210 20 113 56 51,2209 20 116 49 47,2208 12 113 59 51,2207 8 110 54 59,2206 56 113 -54 56,2205 51 116 -55 55,2204 51 110 -65 66,2203 43 111 -70 69,2202 44 106 -73 72,2201 48 106 -79 65,2200 47 102 -81 72,2199 48 101 -87 79,2198 50 100 -74 73,2197 58 95 -82 76,2196 60 99 -76 67,2195 71 105 -88 56
203;1;529;2194 6 85 63 75,2193 6 96 73 72,2192 10 97 84 77,2191 9 110 101 62,2190 16 110 119 74,2189 29 107 140 107,2188 48 125 158 86
203;1;529;2200 0 0 43 42,2199 49 10 -60 43,2198 49 22 -72 61,2197 48 34 -74 61,2196 44 45 -45 72,2195 8 61 50 73
203;1;537;2264 59 111 47 47,2263 58 112 54 49,2262 60 112 53 54,2261 64 116 50 48,2260 67 118 45 48,2259 69 116 46 49,2258 74 121 39 40,2257 73 121 42 42,2256 73 116 45 46,2255 121 116 -49 44
203;1;537;2262 0 70 41 50,2261 6 83 47 38,2260 15 86 46 39,2259 16 88 52 40,2258 25 92 46 41,2257 33 95 47 43,2256 42 100 48 44,2255 47 106 49 41
203;1;537;2254 52 107 71 51,2253 60 109 69 46,2252 67 108 62 46,2251 73 107 58 45,2250 76 107 58 47,2249 78 101 61 56,2248 87 103 53 46,2247 91 99 55 48,2246 96 88 57 59,2245 96 86 62 57
203;1;537;2245 144 79 44 51
203;1;537;2240 132 32 -51 -58,2239 159 49 -59 -58,2238 104 4 57 71,2237 115 32 52 60
203;1;537;2236 112 42 65 106,2235 106 69 73 80,2234 107 76 79 81,2233 105 88 81 78
203;1;537;2244 103 68 78 76,2243 103 66 77 75,2242 104 64 73 79,2241 97 68 83 71,2240 104 65 68 77,2239 104 66 68 73,2238 104 70 69 69,2237 106 72 67 67
203;1;543;2326 40 69 -46 46,2325 36 60 -49 49,2324 36 55 -48 47,2323 36 50 -40 45,2322 41 46 -45 41,2321 42 40 -44 46,2320 49 32 -48 45,2319 53 25 -46 46,2318 101 96 53 53,2317 99 97 55 56,2316 80 94 84 77
203;1;596;2521 64 111 62 46,2520 59 111 57 45,2519 51 111 51 44,2518 38 108 57 49,2517 31 107 55 51,2516 19 97 66 75
203;1;596;2515 17 113 79 82
203;1;598;2561 85 101 38 36,2560 79 102 43 36,2559 77 105 41 39,2558 72 109 40 36,2557 66 111 44 39,2556 68 112 41 40,2555 69 111 44 46,2554 69 113 47 43,2553 75 113 42 42,2552 69 114 51 43,2551 72 114 45 43,2550 70 116 45 41,2549 73 116 39 45,2548 76 120 40 40,2547 76 120 42 40,2546 75 118 46 43,2545 36 0 57 42,2544 43 0 47 42,2543 44 0 50 42
203;1;605;2622 71 25 44 -41,2621 74 32 37 -45,2620 71 35 46 -40,2619 70 37 48 -48,2618 73 31 49 -48,2617 77 30 46 -44,2616 76 26 50 -33,2615 79 29 47 -36,2614 78 29 48 -38
203;1;625;2757 38 0 43 28,2756 39 0 42 37,2755 48 28 44 -38,2754 51 37 40 -45,2753 54 35 48 -42,2752 60 35 52 -42,2751 70 27 51 -37
203;1;674;3015 2 102 59 66,3014 15 112 54 57,3013 16 113 51 51,3012 18 112 43 44,3011 11 105 48 50,3010 10 107 47 47
203;1;734;3304 28 126 41 44,3303 26 123 47 45,3302 32 123 40 41,3301 36 115 43 45,3300 37 116 42 44,3299 36 118 41 40,3298 34 116 42 43,3297 33 115 43 45,3296 34 116 38 42,3295 28 113 48 47,3294 30 117 39 42,3293 30 120 39 39,3292 27 117 42 49,3291 28 119 41 44,3290 28 121 42 40,3289 26 121 42 41
203;2;23;4522 36 109 56 68,4521 91 26 63 72,4520 99 32 56 59,4519 103 33 52 49,4518 44 124 47 43,4517 48 45 -47 47
203;2;31;4833 123 42 -44 -44,4832 93 10 42 43,4831 96 13 43 44,4830 99 12 42 48,4829 95 13 49 46,4828 91 12 52 49,4827 94 11 48 51,4826 95 15 49 48,4825 93 14 50 47,4824 97 13 42 52,4823 94 10 48 48,4822 94 8 49 47,4821 93 8 45 46,4820 95 7 42 46,4819 103 27 41 48,4818 97 28 44 44,4817 95 26 48 44,4816 96 24 46 45,4815 91 26 51 39,4814 90 19 49 48
203;2;96;5954 39 86 -48 56,5953 35 82 -49 53,5952 39 80 -53 52,5951 38 81 -41 43,5950 46 74 -52 58,5949 49 77 -52 56,5948 53 78 -57 57,5947 57 84 -57 53,5946 63 87 -61 58,5945 112 64 50 58,5944 112 70 53 55,5943 112 64 60 62
203;2;257;4684 100 46 44 45,4683 100 47 48 47,4682 101 48 44 44
203;2;307;4788 128 65 44 39,4787 115 79 42 42,4786 120 85 39 39,4785 115 78 46 45
203;2;375;5034 21 14 56 45,5033 18 19 52 38,5032 15 20 51 37,5031 12 21 50 36,5030 10 19 50 37,5029 9 19 48 38,5028 6 21 50 35,5027 3 20 50 35,5026 5 21 42 32,5025 4 21 40 33
203;3;44;7115 63 43 88 -63
203;3;44;7114 49 37 65 -62,7113 106 34 -67 -56,7112 95 38 -61 -54,7111 81 43 -47 -44,7110 82 113 51 47,7109 86 106 47 47,7108 86 98 49 51,7107 85 98 50 45,7106 85 95 49 46,7105 81 92 59 44
203;3;44;7114 104 46 60 -50,7113 122 1 71 49,7112 137 3 73 51
203;3;44;7104 105 96 31 37,7103 100 95 44 38,7102 105 94 38 39,7101 103 96 42 40,7100 107 98 40 38,7099 108 101 47 37,7098 121 101 40 38,7097 121 101 39 41,7096 126 101 43 43,7095 134 101 43 40,7094 137 97 42 45
203;3;44;7104 79 97 40 34,7103 71 94 41 38,7102 64 92 40 41,7101 61 93 38 38,7100 49 95 41 32,7099 36 95 37 32,7098 24 87 47 39,7097 21 86 40 32,7096 18 80 39 34,7095 8 73 43 39,7094 8 66 43 42
203;3;83;7293 114 81 46 47,7292 118 80 46 46,7291 123 80 48 39,7290 132 73 46 46,7289 142 67 47 50
203;3;83;7293 28 101 45 46,7292 29 101 49 51,7291 32 101 48 54,7290 30 101 52 58,7289 30 107 53 50,7288 41 106 41 44,7287 43 107 43 43,7286 46 107 43 45
203;3;83;7285 37 108 40 41,7284 33 109 41 36,7283 30 107 36 40,7282 15 104 37 38,7281 5 101 35 41,7280 19 95 -36 39
203;3;83;7284 108 136 -40 -38,7283 115 130 -36 -40,7282 130 68 -43 45,7281 123 111 -31 -39,7280 127 68 -34 43,7279 131 107 -39 -38
203;3;151;6174 53 45 -77 73,6173 55 44 -67 74,6172 61 40 -72 77,6171 65 39 -69 77
203;3;151;6170 72 125 -61 -63,6169 16 69 60 58,6168 19 75 69 60,6167 27 80 66 64
203;3;151;6166 26 85 61 60,6165 29 86 56 63,6164 32 91 57 63,6163 34 102 52 54
203;3;151;6166 72 102 39 46,6165 71 99 49 53,6164 92 106 45 53,6163 102 111 46 46
203;3;151;6170 4 33 60 47,6169 10 25 60 54,6168 9 21 67 55,6167 14 19 65 56,6166 17 14 65 57,6165 20 10 60 59,6164 21 6 60 61,6163 23 9 61 51
203;3;182;6235 36 105 48 46,6234 33 104 52 49,6233 37 104 51 50,6232 42 104 59 54,6230 103 55 48 52,6229 106 56 44 48,6228 103 39 47 47,6226 19 87 60 56,6225 18 85 58 56,6224 15 85 55 51,6223 10 80 54 56,6222 11 79 55 49,6221 9 76 50 47,6220 55 72 -55 51
203;3;182;6221 110 86 59 51,6220 67 84 72 49
203;3;182;6219 52 66 -78 51
203;3;193;6343 92 7 43 45,6342 86 5 45 45,6341 87 8 43 45,6340 84 10 42 40,6339 80 8 44 44,6338 77 8 42 45,6337 46 106 43 44,6336 48 101 44 48,6335 50 104 42 42,6334 51 105 49 40,6333 53 106 57 35
203;3;193;6332 53 107 35 34,6331 56 107 34 35,6330 56 109 33 34,6329 53 108 35 37,6328 51 111 38 34,6327 48 111 37 37,6326 43 111 42 38,6325 40 111 40 31,6324 38 108 37 35,6323 32 107 39 33,6321 22 104 39 35
203;3;193;6332 78 105 40 30,6331 91 99 35 35,6330 99 96 33 36,6329 97 91 41 37,6328 99 85 40 38,6327 106 87 34 34,6326 108 80 37 38,6325 109 80 40 32,6324 111 78 33 36,6323 113 78 38 33,6322 117 78 37 35,6321 121 76 37 35
203;3;194;6348 30 0 39 39,6347 90 0 41 39,6346 92 1 43 49,6345 23 6 45 43,6344 38 0 42 32
203;3;257;6722 76 96 42 34,6721 70 95 46 37,6720 67 97 44 34,6719 58 96 51 39,6718 55 95 52 39,6717 55 95 50 37,6716 40 91 56 44,6715 38 92 47 46,6714 78 92 -43 51
203;3;257;6715 37 85 -48 47,6714 6 89 45 48
203;3;257;6713 17 94 58 47,6712 14 95 63 51,6711 13 94 67 56,6710 15 99 65 51,6709 15 97 66 56,6708 18 102 61 51,6707 16 101 59 54,6706 13 102 59 56,6705 8 98 65 61
203;3;257;6707 75 121 88 67,6706 63 112 71 71,6705 55 107 56 63
203;3;257;6704 0 97 92 72,6703 77 101 -83 64,6702 64 96 -73 77,6701 63 97 -83 69,6700 51 96 -77 68,6699 49 91 -92 74
203;3;266;6753 94 34 47 46,6752 3 75 57 53,6751 90 78 44 48,6750 87 82 47 44,6749 88 82 44 47,6748 87 80 46 45
203;3;272;6802 21 48 38 32,6801 25 44 36 35,6800 32 39 37 31,6799 32 37 40 36,6798 30 38 35 36,6797 25 41 42 36,6796 23 43 42 40,6795 23 51 37 36,6794 19 55 40 38,6793 16 59 43 41,6792 14 59 49 45
203;4;118;7451 103 91 43 64,7450 59 103 50 47,7449 64 103 45 44,7448 144 115 -59 54
203;4;118;7451 144 89 38 52,7450 109 107 47 52,7449 108 102 46 52,7448 133 116 54 59
#excluded, bad V-shape sampling
#203;4;121;7496 112 88 48 53,7495 29 78 -51 54,7494 43 80 -66 53
#203;4;121;7496 138 29 47 50,7495 25 31 -56 53,7494 30 26 -53 51,7493 34 27 -45 42,7492 41 23 -48 42,7491 39 17 -38 49,7490 42 21 -38 40,7488 117 16 42 46,7487 124 20 41 41,7486 129 20 44 45
#203;4;121;7493 10 82 45 50,7492 23 87 54 51,7491 42 96 48 42,7490 57 109 63 43,7488 45 111 52 41,7487 78 95 45 39
#203;4;121;7493 24 89 -43 47,7492 29 93 -51 55,7491 38 102 -46 49,7490 47 103 -53 54,7489 7 103 54 63,7488 123 98 41 59,7487 124 89 58 63,7486 112 74 69 57
203;4;132;7549 100 54 59 61,7548 99 55 60 61,7547 103 55 55 59,7546 99 46 61 70,7545 97 45 63 67,7544 98 41 60 68,7543 104 39 55 68,7542 106 48 53 52,7541 107 42 51 52,7540 111 37 47 52,7539 117 38 38 40,7538 111 31 47 46,7537 113 30 42 44,7536 114 26 43 48,7535 113 26 46 44,7534 112 23 44 47
203;4;132;7549 108 103 52 48,7548 104 104 57 50,7547 104 105 60 47,7546 101 101 69 52,7545 103 97 62 58,7544 105 98 61 53,7543 106 95 60 58,7542 103 91 65 67,7541 102 93 69 62,7540 101 90 68 63,7539 108 90 59 63,7538 105 91 65 60
203;4;132;7537 97 99 53 51,7536 96 101 50 50,7535 91 100 58 52,7534 90 98 58 56
203;4;132;7537 125 88 54 58,7536 130 89 51 57,7535 129 88 58 56,7534 132 90 57 51
203;4;157;7693 34 91 49 43,7692 38 93 48 41,7691 39 93 45 43,7690 41 96 44 44,7689 45 99 38 40,7688 46 99 38 39,7687 33 91 49 44,7686 38 93 41 41,7685 37 96 46 40,7684 38 96 45 43,7683 39 97 46 46,7682 43 101 40 40,7681 43 101 40 38,7680 42 104 43 40,7679 43 105 40 40,7678 46 105 39 38,7677 47 107 36 35,7676 43 106 40 39,7675 44 108 37 35,7674 42 109 43 37,7673 47 109 40 38,7672 43 110 43 38,7671 44 106 44 43,7670 46 108 39 40,7669 46 109 41 41,7668 46 107 43 45,7667 46 108 45 44,7666 46 107 44 42,7665 43 110 42 41
203;4;157;7669 126 58 42 40,7668 111 64 44 39,7667 96 63 42 43,7666 85 69 35 46,7665 70 86 40 39
203;4;157;7664 38 97 59 57
203;4;157;7671 97 7 47 49,7670 94 22 42 41,7669 96 31 40 42,7668 92 40 41 46
203;4;173;7754 108 68 47 57,7753 105 82 46 45,7752 105 89 44 45,7751 98 87 49 51,7750 97 87 47 56,7749 94 102 49 47,7748 89 109 52 50,7747 90 117 53 48,7746 87 120 52 47,7745 73 128 66 62,7744 70 132 75 56,7743 70 138 75 55,7742 74 142 74 48
203;5;73;8697 3 38 46 47,8696 4 55 47 46,8695 0 55 52 47,8694 1 55 51 43,8693 6 58 48 40,8692 7 57 49 41,8691 12 57 42 41,8690 11 56 44 44,8689 16 61 43 42,8688 15 63 54 49
203;5;86;8775 52 112 46 41,8774 46 112 54 43,8773 48 112 45 42,8772 45 109 47 43,8771 43 105 47 47,8770 43 105 45 45,8769 43 105 45 44,8768 39 104 46 43,8767 38 97 47 49,8766 39 100 43 44,8765 36 98 46 46,8764 37 101 39 39,8763 36 99 39 39,8762 33 95 42 40,8761 31 91 39 40,8760 31 91 40 40,8759 27 91 39 38,8758 28 86 43 41,8757 28 84 42 40,8756 28 86 40 38,8755 26 83 41 38,8754 26 83 43 37,8753 23 80 43 40,8752 22 77 40 40,8751 15 73 50 45,8750 16 69 48 50,8749 23 81 47 40,8748 24 82 40 41,8747 20 80 44 38
203;5;86;8775 140 50 47 57,8774 134 50 60 55,8773 139 62 45 51,8772 135 69 49 45,8771 137 73 41 38,8770 134 75 43 36,8769 132 76 49 35,8768 133 74 47 42,8767 130 74 51 44,8766 130 74 51 44,8765 130 77 50 37,8764 129 72 53 45,8763 132 71 49 47,8762 134 77 48 40,8761 135 74 51 47
203;6;74;9195 100 49 58 62,9194 102 52 57 64
203;6;74;9193 103 50 59 65,9192 102 50 60 64,9191 107 52 55 61,9190 106 56 57 58,9189 107 61 49 51,9188 102 61 56 50,9187 102 59 56 54,9186 103 59 51 53,9185 101 61 52 50,9184 102 69 48 43,9183 97 66 56 50,9182 99 68 51 48,9181 98 69 54 47,9180 97 71 57 45
203;6;74;9193 90 100 61 66,9192 91 134 59 55
203;6;74;9179 116 69 42 44,9178 118 68 42 41,9177 120 66 48 43,9176 127 69 51 38,9175 134 66 46 42,9174 139 66 46 43
203;6;74;9179 92 79 44 45,9178 84 80 49 47,9177 77 83 54 47,9176 70 91 49 45,9175 67 99 42 40,9174 60 102 46 43
203;6;76;9202 0 59 68 79,9201 11 84 64 62,9200 21 93 50 51,9199 19 94 56 50,9198 23 95 54 49,9197 26 80 50 52,9196 32 87 51 50
203;9;12;9678 75 11 56 46,9677 81 14 48 46,9676 83 15 47 45,9675 85 20 45 44,9674 86 21 42 43,9673 85 23 43 46,9672 85 24 45 45,9671 80 24 49 47,9670 80 26 48 46
203;9;12;9669 90 38 38 40,9668 90 40 40 40,9667 91 43 43 44,9666 92 48 42 51,9665 92 53 44 49,9664 91 57 46 48,9663 97 60 41 44,9662 97 62 45 45,9661 103 69 41 40,9660 107 73 42 42,9659 109 75 46 38,9658 116 79 39 44,9657 117 85 44 40,9656 126 87 49 41
203;9;12;9669 77 26 36 34,9668 70 26 41 30,9667 72 24 36 32,9666 62 22 43 34,9665 59 19 42 37,9664 58 21 38 35,9663 56 18 37 34,9662 47 13 40 35,9661 44 10 39 39,9660 42 10 43 38,9659 46 7 34 41,9658 44 9 39 36,9657 37 10 39 34,9656 37 8 37 35
203;9;14;9692 22 107 56 53,9691 79 0 58 55,9690 85 4 50 48,9689 86 3 51 52,9688 87 5 51 48
203;9;14;9687 27 100 46 46,9686 29 96 48 52
203;9;14;9687 6 118 52 46,9686 0 101 42 59
203;9;25;9790 21 111 68 70,9789 23 113 62 70,9788 139 47 -66 -64,9787 139 49 -64 -66,9786 135 46 -58 -63,9785 138 48 -58 -59,9784 140 48 -63 -52,9783 134 53 -53 -57,9782 139 56 -64 -61,9781 133 56 -58 -56,9780 142 55 -77 -52
203;9;25;9779 91 6 43 47,9778 92 5 46 48,9777 92 5 47 48,9776 25 111 44 45
203;9;25;9790 2 37 53 66,9789 0 41 56 58
203;9;25;9779 60 6 50 50,9778 56 11 47 50,9777 38 12 60 51,9776 84 101 48 42
203;10;25;17 100 99 54 55,16 101 106 48 48,15 93 112 51 51,14 95 104 51 50
203;10;25;13 88 101 43 46
203;10;25;13 114 89 45 43
203;10;40;126 50 106 49 35,125 48 105 47 38,124 47 103 45 38,123 46 106 43 33,122 43 103 47 41,121 44 105 42 37,120 45 101 41 43,119 45 103 37 37,118 43 101 37 41,117 43 97 41 41,116 40 97 47 41,115 50 103 46 44,114 53 107 48 45,113 60 111 43 42,112 63 115 51 42,111 68 118 56 40,110 73 117 63 42,109 85 111 59 51
203;11;7;274 82 11 44 36,273 79 13 45 36,272 78 13 45 38,271 75 17 44 36,270 72 16 38 33,269 65 16 42 31,268 61 16 40 33,267 53 15 46 33,266 53 15 38 33,265 49 14 37 33
203;11;7;274 35 94 -35 -40,273 35 88 -37 -35,272 35 49 -37 34,271 35 42 -38 40,270 39 42 -41 40,269 42 40 -42 37,268 45 32 -37 42,267 11 32 38 35,266 23 21 39 34,265 32 19 34 34
203;11;7;264 34 11 51 42,263 32 8 50 39,262 34 5 42 35,261 33 2 44 40,260 32 2 43 39,259 30 0 41 38,258 66 38 -41 -44,257 68 31 -55 -39,256 60 35 -45 -39,255 57 39 -43 -45,254 59 44 -54 -48
203;12;13;398 6 85 64 56,397 7 84 65 56,396 11 84 64 58,395 11 84 70 59,394 17 87 68 53
203;12;13;393 89 25 45 43,392 91 22 42 48,391 85 15 51 54,390 81 16 52 52,389 80 16 51 49,388 80 16 45 44,387 78 14 47 48,386 79 14 50 48,385 75 11 60 53,384 83 11 50 52,383 82 11 52 53,382 83 9 56 55,381 83 12 49 48,380 77 9 51 46,379 75 6 51 51,378 74 11 51 42,377 73 10 51 44,376 75 9 48 44,375 78 12 50 41,374 75 10 54 40,373 75 11 49 39
203;12;13;378 106 35 45 42,377 113 40 42 43,376 112 41 48 48,375 118 46 39 46,374 123 55 38 40,373 126 65 35 36
203;12;13;393 59 26 52 43,392 51 23 48 45,391 21 25 70 41,390 18 29 59 37,389 13 28 50 41,388 10 28 46 39
203;15;4;692 1 34 45 50,691 8 42 48 47,690 11 45 47 46,689 14 48 41 41,688 8 41 52 49,687 11 41 48 49
203;15;4;686 21 38 44 40,685 30 35 39 41,684 32 35 42 39,683 43 26 41 37,682 50 18 49 44,681 59 21 42 34
203;15;4;686 5 54 48 41,685 10 55 42 43,684 12 58 45 44,683 16 63 43 42,682 19 65 43 46,681 24 71 42 43,680 23 73 47 45,679 21 76 49 36,678 25 71 39 41,677 26 72 41 40,676 24 71 39 41,675 23 68 36 42,674 24 65 37 42,673 26 64 37 38,672 32 60 28 38,671 30 55 38 39,670 33 57 34 36,669 34 54 36 36,668 34 49 39 37,667 37 38 43 40
203;15;5;697 101 74 49 39
203;15;5;697 95 42 43 52
203;15;5;696 10 50 55 61,695 13 36 49 50,694 44 46 -73 -53
203;15;6;725 15 76 48 49,724 16 85 45 54,723 15 95 47 53,722 15 104 47 53,721 13 107 51 55,720 20 111 44 46,719 24 115 40 42,718 27 117 40 42,717 31 120 38 42,716 28 123 42 39,715 33 123 39 41,714 35 126 38 37,713 39 124 39 39,712 41 126 43 38,711 40 126 52 42,710 43 128 49 39,709 44 130 39 36
203;15;6;725 72 32 -47 -39,724 76 40 -46 -44,723 73 37 -38 -38,722 34 1 44 41,721 37 9 40 38,720 35 7 47 43,719 39 11 42 38,718 41 14 40 37,717 41 12 43 38,716 43 15 43 38,715 44 15 44 38,714 50 19 39 35,713 50 18 42 36,712 55 20 37 37,711 55 17 37 40,710 54 16 41 39,709 52 11 46 47,708 56 17 42 38,707 64 19 39 42,706 69 24 38 38,705 69 26 37 35,704 72 24 35 36,703 73 29 38 35
203;17;5;815 43 99 32 35,814 43 101 33 31,813 41 103 36 33,812 41 102 34 35,811 41 103 35 34,810 39 104 34 36,809 38 106 36 35,808 37 108 35 31,807 36 102 34 37,806 34 108 37 33,805 33 109 36 37,804 30 111 38 35,803 28 110 36 36,802 25 112 39 37,801 25 107 37 40,800 17 107 46 40
203;19;5;1007 69 132 -82 -93,1006 85 146 -96 -100,1005 94 155 -108 -99
203;19;5;1004 53 114 77 82,1003 72 137 82 68
203;19;5;1004 2 59 57 76,1003 3 69 59 72,1002 65 75 -69 68,1001 57 81 -60 63,1000 51 84 -53 58
203;19;5;999 53 124 -49 -42,998 5 77 49 50,997 5 72 54 54,996 13 69 42 48,995 10 67 51 49,994 12 64 50 48,993 15 65 46 46,992 14 69 45 44,991 16 71 43 40,990 15 67 44 44,989 14 69 45 43,988 16 73 41 44,987 13 75 45 46,986 19 78 40 39,985 19 78 42 40,984 20 79 42 43,983 24 82 42 39
203;19;5;982 20 75 38 34,981 19 64 40 42,980 15 60 45 45,979 15 60 38 39
203;19;5;982 38 95 34 33,981 40 95 34 36,980 38 102 40 37,979 49 109 41 44
203;19;5;998 27 115 -40 50,999 40 106 -51 50,997 30 123 -62 62
203;22;3;4150 87 112 94 79
203;22;3;4149 113 108 58 54,4148 110 107 53 52,4147 98 97 69 58,4146 100 94 56 54,4145 92 81 61 58,4144 91 75 58 60,4143 87 69 65 64,4142 91 71 63 60,4141 91 69 55 58,4140 93 73 51 47,4139 91 70 53 48,4138 91 66 55 53,4137 91 68 53 50,4136 89 68 57 52,4135 89 68 56 51,4134 92 63 52 50
203;22;3;4149 87 132 58 57,4148 81 135 61 55,4147 78 137 61 52,4146 67 141 69 44
204;1;69;4640 82 32 62 53,4639 91 38 55 56,4638 95 45 46 48,4637 103 55 45 43,4636 98 51 49 49,4635 101 58 48 47,4634 101 61 47 46,4633 105 67 44 43,4632 105 67 44 41,4631 101 67 47 45,4630 102 72 44 41,4629 103 75 42 42,4628 98 74 49 43,4627 97 74 50 45,4626 96 79 46 40,4625 96 79 46 42,4624 92 75 45 46,4623 93 70 40 49,4622 91 77 43 42,4621 92 75 41 45
204;1;69;4640 5 56 45 48,4639 5 62 46 49,4638 5 75 49 47,4637 9 81 48 45,4636 9 88 39 42,4635 5 88 44 48,4634 7 99 43 38,4633 3 101 36 45
204;1;106;276 106 58 61 61,275 103 63 60 56
204;1;106;274 122 69 46 50,273 37 83 -46 -43,272 42 83 -57 -49,271 33 77 -44 -50,270 34 78 -49 -49,269 36 76 -46 -49,268 35 70 -41 -44,267 41 74 -62 -46,266 38 78 -49 -52,265 39 68 -43 -41,264 40 70 -40 -42,263 41 69 -43 -42,262 41 71 -42 -39,261 39 73 -38 -42,260 38 74 -38 -41
204;1;106;273 19 27 55 48,272 19 16 59 55,271 24 16 54 51,270 22 13 64 54,269 30 12 52 52,268 28 10 56 52,267 32 11 55 49,266 38 10 56 51,265 41 11 60 51
204;1;106;264 37 8 47 48,263 39 10 45 48,262 38 8 49 50,261 41 10 46 49,260 42 13 49 43
204;1;106;264 71 24 43 45,263 78 26 42 45,262 82 26 55 50,261 91 29 60 59,260 113 45 61 44
204;1;108;426 3 19 57 60,425 2 25 57 54,424 3 29 59 50,423 1 22 63 58,422 1 25 61 56,421 5 26 58 53,420 2 25 64 54,419 3 22 60 56,418 5 30 59 54,417 7 28 59 57,416 5 29 59 54,415 7 32 57 51,414 9 34 56 51,413 10 36 55 49,412 10 33 55 50,411 13 37 54 47,410 14 34 54 57,409 16 28 55 53,408 15 32 55 49,407 19 31 51 50,406 17 28 53 54,405 15 28 56 56,404 17 29 51 54,403 16 26 53 56,402 16 25 52 50,401 18 25 52 49,400 16 20 58 57,399 17 21 58 50
204;1;108;398 16 31 46 40,397 16 38 41 38,396 12 37 48 48,395 9 40 48 47,394 6 45 52 46,393 5 47 48 44,392 5 54 41 39,391 0 56 41 44,390 2 60 33 41
204;1;108;398 43 21 35 37,397 44 15 43 44,396 52 17 40 43,395 56 16 48 43,394 59 21 48 41,393 68 20 44 44,392 72 21 44 45,391 80 23 47 45,390 84 22 46 45
204;1;108;426 2 85 48 51,425 5 90 43 46,424 1 92 45 47,423 44 94 -45 46,422 48 96 -63 51,421 46 98 -60 55,420 41 100 -51 55,419 48 107 -60 52
204;1;108;418 16 122 32 39,417 19 129 40 42,416 20 135 49 50
204;1;108;418 32 116 -53 43,417 22 119 -45 48,416 26 121 -62 61
204;1;149;3069 101 67 48 49,3068 103 71 42 42,3067 102 73 41 42,3066 17 42 45 43,3065 17 39 49 50
204;1;149;3064 102 72 32 38,3063 100 69 30 31,3062 98 65 31 35
204;1;149;3064 110 88 30 28,3063 105 90 37 34,3062 101 88 46 42
204;1;149;3064 31 26 50 43
204;1;150;3079 60 99 38 37,3078 64 97 46 41,3077 67 96 44 44,3076 72 97 44 38,3075 72 95 50 39,3074 77 92 43 44,3073 69 95 52 38,3072 73 96 44 38,3071 71 96 44 38,3070 72 92 45 40
204;1;150;3079 18 92 44 41,3078 23 97 46 40,3077 24 98 53 46,3076 20 95 56 49,3075 22 101 49 49,3074 15 100 55 50,3073 15 100 45 43,3072 13 100 41 39,3071 10 96 35 39,3070 1 85 43 49
204;1;172;3166 29 119 72 62,3165 44 112 73 74,3164 59 116 69 71,3163 68 134 62 64
204;1;172;3163 88 114 62 40,3162 97 107 61 57,3161 107 108 62 64,3160 112 111 72 62,3159 122 114 74 67,3158 130 120 70 61
204;1;172;3166 10 64 59 56,3165 1 60 58 53,3164 4 58 55 49,3163 5 55 51 53,3162 7 60 53 44,3161 10 57 55 50,3160 10 62 56 49,3159 16 65 48 50,3158 16 74 56 48,3157 19 84 49 43,3156 19 97 43 43,3155 16 102 44 42,3154 16 107 43 36,3153 11 105 46 39,3152 7 107 43 39,3151 1 101 39 38
204;1;172;3165 31 32 59 57,3164 37 18 65 61,3163 48 12 61 59,3162 53 11 64 58
204;1;172;3161 79 25 41 45,3160 80 28 40 42,3159 80 31 43 42,3158 84 34 42 41,3157 84 37 41 40,3156 90 43 42 39,3155 96 42 43 49,3154 97 47 49 47,3153 99 50 40 46,3152 101 54 42 45,3151 99 53 44 48
204;1;172;3161 53 12 44 39,3160 55 10 41 37,3159 57 10 39 37,3158 59 9 41 37,3157 58 10 43 35,3156 53 14 43 41,3155 58 17 40 37,3154 50 22 40 35
204;1;173;3174 45 97 -59 -58,3173 28 10 49 56,3172 48 11 48 52,3171 56 15 45 45,3170 62 19 40 40,3169 62 17 38 38,3168 59 16 42 44,3167 51 16 47 43
204;1;176;3210 48 113 -54 -51,3209 114 42 55 54,3208 112 41 57 53,3207 112 36 59 58,3206 113 35 50 53,3205 112 32 51 53,3204 105 28 57 57,3203 104 30 55 48,3202 97 29 59 47,3201 96 26 55 47,3200 95 24 55 50,3199 95 24 46 45,3198 95 22 43 44,3197 88 18 51 48,3196 86 17 53 48,3195 85 16 51 48,3194 78 16 56 48,3193 75 11 62 53
204;1;176;3192 69 12 45 43,3191 69 8 47 46,3190 70 7 45 46,3189 66 0 54 53
204;1;176;3192 100 27 42 39,3191 106 30 35 38,3190 103 26 41 43,3189 108 24 39 43
204;1;252;3425 56 49 -85 67,3424 56 49 -69 71,3423 63 58 -68 63,3422 68 65 -71 53,3421 5 64 62 57,3420 10 67 57 58,3419 11 70 58 57,3418 16 76 53 52,3417 14 78 58 48,3416 17 80 54 50,3415 20 83 53 48,3414 24 85 50 44,3412 29 85 54 54
204;1;276;3487 29 122 61 53,3486 45 126 59 49,3485 113 125 -52 51,3484 66 121 62 55,3483 74 120 58 51,3482 85 46 -58 -52,3481 79 48 -55 -50,3480 78 56 -56 -61,3479 74 54 -59 -56,3478 74 58 -61 -63,3477 13 13 57 51,3476 16 21 51 46,3475 12 21 60 54,3474 10 29 61 50,3473 11 37 52 48,3472 10 42 54 54,3471 9 49 54 53,3470 6 56 51 48,3469 10 72 47 46,3468 10 80 47 45
204;1;276;3487 11 64 57 64,3486 14 75 60 61,3485 10 71 75 73,3484 15 81 68 58,3483 35 69 -47 48,3482 117 38 61 53,3481 126 37 62 56
204;1;276;3477 80 33 -52 -40,3476 82 41 -50 -52,3475 80 40 -40 -40,3474 36 0 48 44,3473 38 0 44 37,3472 38 2 53 36,3471 40 3 47 37,3470 40 2 45 31,3469 38 0 43 37,3468 36 2 41 32
204;1;305;3579 58 13 52 57,3578 60 9 53 54,3577 64 16 44 45,3576 66 18 47 46,3575 62 16 50 49,3574 65 17 45 45,3573 64 16 49 51,3572 62 15 52 50,3571 59 14 54 53,3570 50 14 53 56,3569 46 15 59 54,3568 50 14 53 55,3567 47 14 51 53,3566 49 17 50 54
204;1;305;3578 100 37 52 50,3577 113 44 49 39,3576 124 47 55 38
204;1;332;3730 98 60 -64 -64,3729 33 3 66 56,3727 53 16 58 44,3726 45 16 54 47
204;1;332;3728 129 24 -59 -49,3727 118 21 -62 -48,3726 92 31 -47 -40
204;1;391;3957 96 32 42 40,3956 97 30 42 43,3955 104 28 41 38,3954 104 25 40 42
204;1;391;3953 107 32 46 50,3952 105 37 52 44,3951 110 36 51 49,3950 111 38 53 46,3949 113 37 52 51,3948 116 40 49 50,3947 119 42 47 48
204;1;391;3957 116 59 39 38,3956 115 58 38 34,3955 120 52 32 38,3954 115 53 44 33
204;1;391;3946 121 42 42 50,3945 117 42 44 47,3944 114 40 44 46,3943 111 40 49 49,3942 112 41 44 44,3941 111 41 44 39,3940 99 34 57 50
204;1;391;3946 99 32 41 38
204;1;396;3969 55 16 51 46,3968 59 13 48 48,3967 57 12 54 51,3966 60 12 52 52,3965 63 12 51 52,3964 65 13 52 52,3963 69 14 50 49,3962 71 14 51 50,3961 76 16 48 49,3960 80 23 53 43,3959 91 29 47 40
204;1;396;3969 120 59 44 43,3968 117 59 43 41,3967 112 54 40 42
204;1;396;3966 107 53 45 45,3965 101 49 50 51,3964 97 46 53 50,3963 97 46 47 52,3962 98 48 47 46,3961 93 46 53 47,3960 101 47 45 44,3959 102 51 45 34
204;1;396;3958 90 36 66 59
204;1;487;4121 30 107 43 44,4120 33 102 43 42,4119 35 99 37 39,4118 32 93 41 42,4117 30 90 40 41,4116 34 87 40 40,4115 36 87 40 39,4114 35 85 40 41,4113 38 86 36 36,4112 38 80 42 40,4111 40 78 38 40,4110 35 75 41 40,4109 36 69 39 42,4108 36 68 39 42,4107 39 71 34 36
204;1;534;4264 70 30 36 36,4263 73 28 37 34,4262 70 26 42 37,4261 69 26 44 37,4260 73 26 40 37,4259 75 26 40 36,4258 78 26 40 36,4257 78 23 41 42,4256 79 22 40 40,4255 78 19 43 40,4254 78 21 41 42,4253 70 20 44 39,4252 70 19 48 42,4251 69 16 49 48
204;1;554;4290 42 42 39 40,4289 48 29 43 40,4288 47 30 50 39,4287 48 33 52 36,4286 55 31 49 41,4285 63 35 41 35,4284 67 31 42 42,4283 70 31 41 41,4282 70 32 44 42,4281 73 32 42 42,4280 75 31 42 42,4279 77 34 41 37,4278 82 34 40 42,4277 85 37 43 37,4276 88 35 44 42,4275 91 37 46 43,4274 98 42 42 40,4273 103 41 47 43
204;1;609;4399 83 36 44 37,4398 77 28 44 44,4397 75 30 42 40,4396 65 27 51 50,4395 68 29 44 42,4394 71 29 41 41,4393 70 30 41 38,4392 70 25 44 44,4391 71 26 43 45,4390 69 25 44 44,4389 66 22 49 48,4388 64 14 55 60,4387 57 15 62 55,4386 57 6 55 60,4385 105 46 -57 -57
204;1;718;4715 94 64 33 35,4714 92 61 41 37,4713 93 51 37 42,4712 91 57 37 40,4711 90 57 39 38,4710 92 59 39 39,4709 88 59 39 40,4708 90 58 40 40,4707 92 54 41 44,4706 95 59 42 42,4705 92 58 46 45,4704 91 57 48 45,4703 93 59 49 45,4702 93 63 45 45,4701 95 72 44 44,4700 24 34 45 42,4699 86 26 56 44,4698 73 21 48 49,4697 68 21 46 47,4696 65 20 47 46,4695 65 16 49 47,4694 63 12 55 49,4693 75 19 42 41,4692 78 17 43 44
#excluded, bad backward sampling
#204;1;808;4964 17 98 59 58,4963 5 85 59 62,4962 56 79 -55 65,4961 55 79 -55 70,4960 51 84 -52 74,4959 58 91 -60 77,4958 30 118 62 60,4957 63 107 -68 70,4956 52 98 -72 64,4955 27 91 -65 57
#204;1;808;4960 134 68 55 63,4959 130 64 61 70,4958 120 79 74 -50,4957 137 79 60 70
#204;1;808;4956 123 77 56 51,4955 110 49 64 79,4954 101 25 59 66
#204;1;808;4956 127 119 51 42,4955 112 119 61 43,4954 114 111 53 54
204;1;837;5080 16 43 44 46,5079 14 42 48 47,5078 15 40 45 44,5077 19 39 42 42,5076 16 37 55 42,5075 11 30 58 53,5074 9 27 58 58,5073 12 31 52 54,5072 8 31 61 58,5071 7 33 62 62,5070 7 36 62 61,5069 10 44 55 57,5068 11 43 55 60,5067 5 42 66 66,5066 8 48 65 66,5065 7 51 62 58,5064 8 53 62 57,5063 10 57 61 55,5062 11 57 61 60,5061 8 56 67 62,5060 10 58 61 61,5059 9 56 64 65,5058 9 55 66 73,5057 10 60 65 68,5056 9 63 64 60,5055 7 59 66 64,5054 8 59 66 59,5053 5 59 64 58,5052 2 55 68 61,5051 1 57 64 59,5050 59 56 -64 64
204;1;837;5053 63 41 -61 -52,5052 64 47 -62 -53,5051 61 53 -58 -50,5050 57 63 -54 -53
204;1;837;5048 49 29 40 40,5047 43 29 50 40,5046 41 29 52 40
204;1;837;5048 104 50 56 62,5047 98 53 59 62,5046 100 56 58 57
204;1;840;5099 80 32 48 47,5098 80 27 47 48,5097 78 30 51 37,5096 81 27 47 42,5095 84 27 40 37,5094 85 28 40 34
204;1;840;5099 108 40 -43 -44,5098 68 0 41 38,5097 69 0 44 41,5096 71 0 43 42,5095 72 1 45 43,5094 77 8 38 37
204;1;840;5093 75 13 54 51,5092 75 15 58 55,5091 74 14 59 58,5090 76 14 56 59,5089 72 13 62 67,5088 75 18 59 58,5087 74 12 64 64,5086 76 13 60 66,5085 75 15 62 59,5084 75 12 65 63,5083 79 10 63 64,5082 83 6 63 67,5081 85 3 66 62
204;1;873;5196 18 38 44 44,5195 17 38 45 43,5194 16 38 49 48,5193 19 42 42 43,5192 18 44 39 40,5191 10 40 44 44
204;1;894;5238 149 95 -48 -47,5237 17 58 45 47,5236 57 112 -44 -44,5235 90 33 47 42,5234 133 73 -48 -44
204;1;894;5238 149 32 -39 -34,5237 30 134 -35 -41,5236 26 93 -34 42,5235 137 28 -37 -36,5234 130 32 -40 -42
204;1;904;5279 26 46 43 43,5278 95 69 38 44,5277 96 66 43 44,5276 97 62 47 50,5275 99 69 42 40
204;1;904;5279 47 4 54 54,5278 72 98 49 49,5277 77 97 51 47,5276 77 96 54 45,5275 82 93 48 45
204;1;904;5274 85 76 54 55,5273 87 80 49 53,5272 81 85 58 55,5271 83 90 48 51,5270 80 92 51 53,5269 78 98 52 49,5268 80 97 55 56,5267 23 9 58 53,5266 4 11 75 52
204;1;904;5275 31 97 -59 51,5274 40 96 -54 48,5273 48 98 -52 43,5272 55 93 -57 47,5271 60 89 -55 53,5270 17 91 51 45,5269 18 87 52 55,5268 17 80 65 67,5267 151 84 -80 -74,5266 68 11 73 62
204;1;928;5341 88 5 55 58,5340 77 23 43 52,5339 75 26 43 44,5338 71 22 44 44,5337 68 20 47 49,5336 62 20 52 49,5335 64 24 45 44,5334 60 17 56 54,5333 69 25 44 41,5332 71 24 42 41,5331 72 26 45 43,5330 73 23 43 46,5329 69 22 46 47,5328 69 21 50 50,5327 78 26 39 38,5326 93 9 52 57
204;1;977;5503 130 55 57 -59,5502 125 4 51 49,5501 121 46 45 -45,5500 115 42 48 -47,5499 105 34 54 -41,5498 150 37 -52 -52,5497 139 37 -50 -55,5496 133 37 -52 -59,5495 133 32 -62 -53,5494 133 32 -69 -62,5493 123 28 -58 -55,5492 127 25 -59 -49,5491 139 30 -58 -61,5490 59 117 -58 59,5488 131 32 59 54,5487 124 12 63 51,5486 114 1 63 47
204;1;977;5501 10 0 48 43,5500 11 5 39 43,5499 7 8 41 40,5498 0 10 41 40,5497 1 6 41 43,5496 0 4 42 43,5495 38 40 -44 -40,5494 39 37 -44 -41,5493 40 36 -41 -41,5492 53 25 -53 -51
204;1;983;5530 46 95 59 43,5529 55 99 46 44,5528 55 101 55 51,5527 57 104 52 51,5526 58 110 56 47,5525 61 110 52 52,5524 66 110 50 52,5523 68 111 48 50,5522 71 110 45 50,5521 71 111 48 44,5520 72 106 55 46,5519 69 107 54 48,5518 65 108 54 44
204;1;983;5518 54 142 67 40
204;1;983;5517 48 111 75 54,5516 40 103 83 62
204;1;995;5669 75 32 -54 -35,5668 64 30 -49 -43
204;1;995;5669 37 56 42 40,5668 48 76 44 42,5667 53 81 36 40,5666 66 85 38 35,5665 78 76 33 39,5664 89 58 30 37,5663 81 44 38 37,5662 73 34 44 40,5661 75 26 37 39
204;1;995;5666 151 30 -47 -36,5665 148 34 -48 -43,5664 136 32 -44 -36,5663 132 40 -44 -44,5662 80 0 48 34,5661 78 0 45 40
204;1;995;5660 81 3 47 43
204;1;995;5659 48 30 43 37,5658 43 29 44 47,5657 34 51 41 43
204;1;995;5659 82 35 -41 -38,5658 80 34 -52 -36,5657 65 26 -50 -44
#204;1;1028;125 35 69 37 36,124 36 69 42 41,123 38 75 40 40,122 37 78 45 45,121 41 80 42 43,120 42 80 41 41,119 37 77 43 41,118 41 79 37 39
#204;1;1028;118 68 100 53 54
#204;1;1028;117 18 59 70 64,116 5 51 66 60,115 56 100 -89 -56,114 42 78 -56 -92
204;1;1034;146 121 10 47 51,145 114 21 49 49,144 4 81 46 48,143 8 79 42 45,142 2 64 54 59,141 1 62 52 54,140 3 53 53 56,139 4 51 54 54,138 1 52 57 53,137 0 51 51 51,136 44 50 -45 46,135 47 48 -47 45
204;1;1034;146 27 95 54 47,145 26 91 57 59,144 70 13 64 54,143 73 12 57 56,142 65 10 66 58,141 61 9 58 55,140 50 8 64 58,139 42 8 67 58,138 32 11 63 62,137 20 20 66 55,136 81 20 -61 55,135 75 21 -59 48
204;1;1034;134 3 23 69 64,133 2 24 67 62,132 3 24 64 61,131 0 26 64 59
204;1;1034;132 133 96 64 65,131 130 93 63 66
204;1;1095;565 122 41 -43 -41,564 124 50 -51 -53,563 121 44 -48 -48,562 119 40 -48 -43,561 116 41 -50 -44,560 116 42 -49 -45,559 114 36 -45 -38,558 116 39 -51 -45,557 115 42 -46 -47,556 110 48 -47 -47,555 118 47 -56 -52,554 115 45 -50 -52,553 117 42 -53 -47,552 111 42 -43 -52,551 112 40 -43 -46,550 116 39 -50 -48,549 119 40 -50 -47,548 125 41 -56 -52,547 122 38 -51 -47,546 126 37 -53 -54
204;1;1132;727 90 16 49 53,726 91 18 46 46,725 93 20 41 44,724 92 22 42 44,723 93 25 43 43,722 94 26 44 45,721 100 34 41 40,720 96 32 51 50,719 97 35 53 58,718 150 101 -52 -60,717 149 102 -47 -52,716 99 52 50 51,715 103 60 46 46,714 105 63 43 46
204;1;1132;727 91 95 50 52,726 97 96 47 46,725 95 94 47 45,724 94 90 50 52,723 93 89 54 50,722 91 88 53 51,721 87 83 56 55,720 91 87 52 50,719 93 90 48 49,718 91 91 53 48,717 89 90 56 51,716 92 94 49 48,715 93 92 46 54,714 91 95 53 48
204;1;1146;855 88 81 33 36,854 86 80 36 34,853 84 82 36 35,852 85 82 33 30,851 87 80 34 35,850 88 82 33 31,849 88 78 37 37,848 89 79 35 33,847 90 77 35 36,846 89 79 33 36,845 85 83 35 37,844 85 82 36 33,843 85 80 36 34,842 85 76 41 42,841 87 78 38 37,840 90 76 34 36,839 87 74 41 40,838 91 74 39 38,837 95 72 40 40,836 98 69 44 45
204;1;1159;962 41 71 36 48,961 39 79 38 38,960 38 79 42 39,959 37 78 39 36,958 34 76 41 39,957 35 76 41 40,956 34 75 45 45,955 33 76 46 48,954 32 78 46 47,953 33 81 48 44,952 37 80 42 42,951 33 83 49 45,950 36 83 46 47,949 38 86 47 45,948 39 85 50 48,947 42 86 48 47,946 46 89 43 45,945 51 93 38 41,944 44 92 48 47,943 41 94 50 53,942 37 94 53 52
204;1;1159;944 84 77 38 37,943 76 80 45 42,942 75 82 38 42
204;1;1162;1014 13 57 44 45,1013 14 48 44 40,1012 15 40 42 43,1011 17 35 50 47,1010 24 32 41 42,1009 27 26 43 42,1008 24 19 45 46,1007 27 15 46 41
204;1;1162;1014 87 19 46 38,1013 87 19 41 38,1012 89 22 37 33,1011 83 18 40 38,1010 75 19 46 40,1009 70 23 40 37,1008 65 21 44 42,1007 60 24 41 36
204;1;1162;1006 34 17 51 44,1005 34 15 53 51,1004 30 16 57 50,1003 33 18 50 47,1002 29 17 54 50,1001 24 21 53 46,1000 21 25 48 41
204;1;1162;1001 75 17 -53 -39,1000 72 37 -51 -54
204;1;1162;999 12 13 58 60
204;1;1181;1155 124 98 48 46
204;1;1181;1155 91 26 38 44,1154 87 31 40 39,1153 85 30 41 38,1152 85 31 41 36,1151 85 33 34 35,1150 75 29 44 37,1149 69 26 46 45,1148 73 26 47 46,1147 80 29 41 42,1146 82 33 41 42,1145 84 34 40 40,1144 87 38 40 43,1143 82 38 53 50,1142 90 43 47 47,1141 90 46 50 53,1140 92 52 48 54,1139 97 60 43 46,1138 93 64 48 51,1137 91 66 51 52,1136 95 67 46 50,1135 94 69 49 48,1134 93 69 51 51,1133 95 51 53 64,1132 19 75 57 54,1131 17 75 57 53,1130 21 76 50 48
204;1;1185;1176 54 101 38 36,1175 59 103 42 36,1174 61 100 39 35,1173 63 100 41 38,1172 62 99 45 39,1171 68 101 36 36,1170 70 100 38 39,1169 72 98 41 42,1168 73 105 36 36,1167 75 104 41 39,1166 78 102 42 41,1165 80 104 43 39,1164 80 102 50 45,1163 87 99 44 46,1162 92 102 44 43,1161 93 100 51 51,1160 95 101 51 55,1159 101 103 47 51,1158 108 105 50 53,1157 114 108 56 52
204;1;1188;1193 55 4 44 44,1192 58 5 40 38,1191 57 6 40 37,1190 60 3 40 40
204;1;1188;1193 78 31 40 41,1192 77 28 39 43,1191 76 26 40 40,1190 77 27 41 34
204;1;1188;1189 65 7 52 47,1188 67 5 47 48,1187 70 5 52 47,1186 76 4 45 43,1185 75 0 50 44,1184 124 40 -49 -49
204;1;1190;1206 63 91 44 44,1205 59 91 47 46,1204 60 102 43 40,1203 55 107 42 42,1202 53 111 41 44,1201 48 118 42 38
204;1;1190;1205 37 36 43 42,1204 37 51 38 41,1203 36 75 42 39,1202 41 84 39 40,1201 37 93 43 39
204;1;1190;1200 36 105 52 61,1199 32 111 56 71,1198 34 120 50 65,1197 36 129 45 63,1196 32 134 55 59,1195 36 138 49 54
204;1;1201;1250 90 86 38 38,1249 91 80 38 41,1248 90 81 36 37
204;1;1201;1250 122 42 36 42,1249 111 52 44 33,1248 102 53 39 40
204;1;1201;1247 94 61 42 53,1246 94 64 45 49,1245 95 63 45 44,1244 96 64 45 45,1243 96 64 44 47,1242 98 64 44 43,1241 99 59 46 46,1240 104 60 38 38,1239 12 62 46 43,1238 10 71 43 38
204;1;1201;1245 80 23 -43 -48,1244 83 32 -43 -54,1243 91 35 -48 -41,1242 101 48 -54 -54
204;1;1201;1244 35 32 -57 -57,1243 44 32 -61 -46,1242 50 41 -48 -54
204;1;1201;1241 103 48 -59 -49,1240 54 4 64 51,1239 37 97 59 48,1238 23 98 55 37
204;1;1201;1237 4 70 60 66
204;1;1208;1269 21 54 40 39,1268 22 61 44 46,1267 43 79 -55 -57,1266 14 43 40 40
204;1;1231;1321 15 40 57 60,1320 25 64 43 48
204;1;1231;1321 47 87 40 37,1320 49 93 39 36
204;1;1231;1319 30 76 55 57,1318 78 29 53 53,1317 27 82 57 49,1316 25 81 58 55,1315 24 82 57 53,1314 24 79 55 62
204;1;1241;1390 43 97 62 56,1389 55 97 52 50,1388 62 96 49 46,1387 70 97 44 43
204;1;1241;1389 93 120 44 42,1388 98 112 41 46,1387 98 113 42 41
204;1;1241;1386 71 95 65 56,1385 73 96 66 55,1384 77 96 57 60,1383 78 99 53 59,1382 75 106 55 50,1381 72 107 55 51,1380 63 107 61 53
204;1;1241;1386 102 20 44 39,1385 100 24 40 40,1384 97 36 43 42
204;1;1241;1383 97 72 39 37,1381 91 81 39 38,1380 85 89 40 33
204;1;1241;1383 93 45 46 38,1382 86 48 47 36
204;1;1243;1412 96 84 45 43,1411 93 78 47 50,1410 93 80 46 47,1409 95 82 45 44,1408 90 82 50 45,1407 90 82 46 47,1406 87 84 50 47,1405 88 85 45 46,1404 89 85 42 45
204;1;1243;1409 130 53 41 42,1408 122 58 41 38,1407 121 59 38 40,1406 118 65 38 35,1405 118 66 32 34,1404 113 71 35 36
204;1;1243;1412 0 41 48 49,1411 3 45 56 55,1410 12 55 47 50,1409 14 62 52 46,1408 17 66 51 48,1407 19 70 50 48,1406 21 75 47 41,1405 21 75 49 45,1404 23 77 46 46,1403 28 81 40 42,1402 26 81 47 44
204;1;1243;1401 29 89 52 54,1400 32 91 50 55,1399 33 95 53 50,1398 36 95 54 54,1397 39 96 55 55,1396 43 98 51 53,1395 46 95 60 61
204;1;1243;1412 38 118 43 38,1411 42 114 39 42,1410 44 114 39 43,1409 45 111 43 45,1408 46 106 44 42,1407 43 104 44 42,1406 45 107 43 41,1405 44 105 44 44,1404 46 106 41 38,1403 45 109 39 38,1402 44 107 37 35
204;1;1243;1403 84 80 58 51,1402 85 79 56 53,1401 82 83 58 51,1400 84 82 50 51,1399 83 85 50 49,1398 80 84 57 55,1397 82 87 54 52,1396 85 86 52 54,1395 91 89 46 54
204;1;1278;1567 61 76 -31 -34,1566 71 72 -38 -37,1565 36 38 38 38,1564 74 75 -32 -36,1563 79 39 -35 36,1562 81 39 -31 33,1561 88 35 -36 33,1560 89 32 -37 38,1559 96 27 -51 48,1558 101 21 -56 55,1557 94 26 -44 44
204;1;1299;1686 32 73 48 49,1685 28 73 48 44,1684 128 76 -44 44,1683 128 82 -45 38,1682 128 82 -45 44,1681 82 81 43 43,1680 123 125 -43 -41,1679 127 82 -45 41,1678 128 80 -45 42,1677 59 103 58 64,1676 41 81 43 45,1675 40 77 43 43,1674 37 72 42 42
204;1;1312;1773 20 68 50 50,1772 21 67 47 47,1771 19 68 48 47,1770 15 69 53 47,1769 12 69 54 48,1768 7 66 58 53,1767 6 65 55 47
204;1;1312;1773 91 26 -50 51,1772 91 27 -51 48,1771 35 30 49 45,1770 34 32 49 49,1769 30 33 48 48,1768 29 40 40 39,1767 27 42 40 38
204;1;1312;1766 6 45 58 65,1765 8 46 56 59
204;1;1334;1913 101 72 33 32,1912 92 58 38 48,1911 94 64 36 36,1910 97 65 33 36,1909 93 65 39 38,1908 94 64 36 39,1907 130 105 -36 -38,1906 132 105 -39 -36,1905 132 69 -41 43,1904 133 115 -40 -43
204;1;1334;1903 98 78 30 31,1902 97 76 35 36
204;1;1334;1903 81 97 37 26,1902 80 103 32 31
204;1;1342;1995 22 10 43 39,1994 21 8 46 43,1993 24 12 45 40,1992 25 11 42 42,1991 30 16 41 42,1990 33 20 40 39,1989 33 21 44 40,1988 28 16 51 49,1987 24 18 52 48,1986 70 26 -38 41
204;1;1342;1995 137 103 -37 -42,1994 137 60 -39 41,1993 98 51 36 50,1992 95 43 36 50,1991 94 48 37 37,1990 94 40 34 45,1989 87 38 39 42,1988 73 34 50 42,1987 63 26 52 47,1986 103 31 -39 39
204;1;1342;1988 29 153 -62 -55,1987 35 151 -68 -53,1986 35 91 -60 61,1985 36 88 -58 62,1984 38 84 -57 58,1983 44 81 -60 58,1982 50 133 -63 -55,1981 48 133 -56 -54,1980 47 127 -60 -51,1979 43 125 -47 -49,1978 48 123 -52 -50
204;1;1342;1985 32 25 70 48,1984 30 27 63 51,1983 27 30 58 52,1982 25 32 52 55,1981 19 37 54 50,1980 70 93 -48 -53,1979 14 42 55 51,1978 16 44 48 46
204;1;1342;1977 58 113 -61 -61,1976 52 54 -55 60,1975 47 51 -50 63,1974 45 108 -51 -55
204;1;1352;2108 52 92 36 36,2107 52 96 44 33,2106 59 94 40 37,2105 65 96 42 38
204;1;1352;2108 99 77 33 31,2107 99 76 30 38,2106 130 118 -39 -37,2105 124 123 -34 -36
204;1;1352;2104 68 94 54 34,2103 70 98 41 40,2102 62 94 50 47,2101 64 101 44 34,2100 60 100 50 41,2099 58 102 49 41,2098 57 102 45 43,2097 55 101 49 41,2096 52 98 49 45
204;1;1355;2166 41 87 42 41,2165 44 89 42 38,2164 51 91 40 38,2163 53 91 41 41,2162 56 93 40 40
204;1;1355;2166 85 101 42 41,2165 83 98 42 41,2164 83 96 43 40,2163 83 98 38 39,2162 83 96 38 38
204;1;1355;2161 67 92 56 41,2160 70 93 48 39,2159 69 90 49 48,2158 69 91 51 51,2157 68 94 56 48,2156 70 93 52 48,2155 70 96 51 45,2154 68 96 57 50,2153 70 95 56 51,2152 72 96 54 52,2151 76 97 55 53,2150 73 97 56 54,2149 73 99 59 52,2148 73 100 62 48,2147 76 102 54 55,2146 71 106 57 49,2145 72 108 56 51,2144 68 106 63 49
204;1;1355;2152 159 27 -46 -40,2151 111 1 50 47,2150 112 6 56 57,2149 112 14 47 51,2148 112 25 44 55,2147 113 37 47 54,2146 99 52 56 61,2145 96 61 54 59,2144 91 81 47 47
204;1;1355;2143 68 91 67 68,2142 63 106 60 55,2141 53 109 70 58,2140 53 108 66 67,2139 45 110 71 71,2138 42 111 70 72,2137 39 113 67 68,2136 33 113 70 74,2135 33 117 66 74,2134 32 122 59 56,2133 30 120 50 55,2132 24 124 59 46
204;1;1357;2195 26 88 47 42,2194 24 89 52 35,2193 27 86 43 39,2192 24 83 48 41,2191 26 84 46 40,2190 28 84 44 41,2189 28 84 43 41,2188 25 80 46 42,2187 26 81 42 41,2186 28 84 41 38,2185 26 83 44 40,2184 21 79 55 47,2183 22 79 54 48
204;1;1357;2195 85 26 38 41,2194 85 25 37 39,2193 80 21 40 44,2192 80 21 37 38,2191 79 20 38 41,2190 72 22 45 33,2189 68 10 46 52,2188 65 15 47 46,2187 61 16 49 43,2186 62 16 46 45,2185 59 20 51 40,2184 57 20 49 42,2183 56 20 51 44
204;1;1373;2335 26 71 40 42,2334 25 73 42 39,2333 26 69 45 43,2332 27 69 42 41,2331 28 69 41 41,2330 23 66 47 47,2329 23 63 46 43,2328 24 60 47 47,2327 26 61 41 43,2326 20 57 51 49,2325 23 56 46 48,2324 21 58 48 44,2323 18 57 49 43,2322 19 58 46 40,2321 20 57 40 43,2320 20 56 45 43,2319 18 54 46 44,2318 17 53 46 42,2317 15 50 50 44,2316 16 51 49 42,2315 10 50 53 44,2314 11 49 50 47,2313 13 51 49 46
204;1;1373;2315 58 141 44 43,2314 52 133 47 38,2313 51 122 44 43
204;1;1373;2314 139 83 43 43,2313 127 78 52 45
204;1;1390;2482 97 70 33 34,2481 94 66 35 41,2480 86 69 42 41,2479 91 66 34 45,2478 93 70 35 35,2477 95 66 37 40,2476 95 65 38 40,2475 97 66 40 42,2474 98 68 44 44
204;1;1416;2642 80 75 43 40,2641 80 78 39 39,2640 79 82 39 39,2639 74 89 42 38,2638 74 92 40 40,2637 80 104 41 39,2636 81 105 41 41,2635 87 114 40 41,2634 88 119 43 40,2633 92 121 41 39
204;1;1425;2735 97 64 31 40,2734 91 70 40 39,2733 94 72 35 36,2732 94 65 38 40,2731 94 64 39 41,2730 93 60 41 42,2729 92 62 45 43,2728 91 61 46 45,2727 90 56 47 47,2726 89 52 48 48,2725 101 42 43 47
204;1;1425;2732 16 10 -34 37,2731 27 16 -35 34,2730 42 18 -32 32,2729 19 17 34 34,2728 30 19 37 34,2727 40 18 40 37,2726 46 20 52 43,2725 70 29 44 40
204;2;40;6828 110 91 47 46,6827 107 89 51 44,6826 108 84 47 44,6825 109 81 44 45,6824 103 75 55 51,6823 105 75 46 47,6822 104 72 47 45,6821 105 74 41 42,6820 98 75 50 48,6819 96 82 47 46
204;2;40;6828 55 101 52 38,6827 48 99 58 44,6826 50 104 50 38,6825 52 104 44 42,6824 49 103 47 35,6823 48 100 43 37,6822 39 95 48 44,6821 26 93 47 41,6820 21 87 42 47,6819 10 83 41 44
204;2;50;7107 88 44 56 52,7106 94 46 50 60,7105 140 58 -44 54,7104 92 66 52 49,7103 92 77 52 48,7102 93 83 53 42
204;2;50;7107 60 0 49 46,7106 67 1 54 45,7105 72 1 56 47,7104 77 1 53 47,7103 78 0 50 50,7102 131 48 -54 -46,7101 130 47 -56 -50,7100 130 53 -56 -62,7099 124 49 -51 -66,7098 117 41 -50 -53,7097 112 39 -48 -58,7096 104 32 -48 -58,7095 91 28 -47 -53,7094 70 20 -50 -45
204;2;50;7101 73 95 40 41,7100 70 99 42 39,7099 68 99 41 39,7098 64 100 43 44,7097 63 103 43 41,7096 65 104 39 36,7095 66 104 43 41,7094 74 103 44 37,7093 91 90 43 43
204;2;50;7101 101 85 42 44,7100 104 89 41 46,7099 99 93 42 48,7098 99 97 43 44,7097 101 100 41 44,7096 101 100 49 47,7095 105 96 48 46,7094 112 84 49 49,7093 116 61 54 45
204;2;74;8263 100 61 58 63,8262 101 57 57 66,8261 102 57 56 61,8260 90 53 76 69,8259 95 48 72 72,8258 99 41 73 72
204;2;74;8263 53 121 84 69,8262 37 126 92 69,8261 23 130 81 62
204;2;74;8257 100 60 57 55,8256 95 55 62 64,8255 96 54 64 66,8254 154 119 -58 -58,8253 151 115 -51 -56,8252 150 119 -51 -54,8251 96 48 55 76,8250 90 63 68 56,8249 147 115 -50 -52,8248 94 64 50 55
204;2;74;8247 99 60 45 48,8246 99 57 50 44,8245 98 55 47 46,8244 98 55 44 45,8243 94 51 52 54,8242 96 53 47 46,8241 96 50 46 46,8240 99 53 40 41,8239 97 57 45 40,8238 100 56 40 39,8237 97 54 46 43,8236 96 48 39 40,8235 92 44 44 45,8234 99 50 42 43,8233 90 43 46 46,8232 92 45 44 44,8231 91 45 48 47,8230 90 42 47 48,8229 93 44 45 48,8228 89 44 50 50,8227 91 48 49 42
204;2;74;8246 91 98 38 33,8245 80 99 44 40,8244 85 96 46 38,8243 81 96 46 37,8242 81 99 45 36,8241 77 102 43 37,8240 74 103 48 37,8239 69 101 45 38,8238 69 104 42 38,8237 68 104 44 42,8236 64 106 48 44,8235 65 109 46 41,8234 61 106 40 33,8233 57 108 43 38,8232 55 106 44 41,8231 58 107 43 39,8230 55 104 44 40,8229 49 105 44 37,8228 49 107 45 40,8227 43 107 49 38
204;2;94;9434 50 21 -67 45,9433 0 9 54 48,9432 1 5 54 43,9431 47 42 -45 -48
204;2;94;9434 104 7 43 44,9433 96 7 42 36,9432 104 15 42 42,9431 110 21 44 41
204;2;94;9429 133 39 -46 -43
204;2;258;6341 42 21 54 48,6340 42 24 53 48,6339 40 27 50 42,6338 37 32 46 39,6337 31 32 55 37,6336 30 32 56 38,6335 32 29 50 42,6334 31 30 52 43,6333 26 31 56 45,6332 28 29 47 47,6331 26 34 47 44,6330 22 36 54 46,6329 19 41 47 42,6328 11 39 49 48
204;2;258;6336 133 32 46 -32,6335 124 30 37 -33,6334 117 1 38 37,6333 148 32 -47 -56,6332 143 34 -43 -49,6331 96 34 45 -40,6330 88 0 48 37,6329 82 1 51 38,6328 77 0 54 42
204;2;314;6620 42 108 59 52,6619 40 98 55 57,6618 42 86 48 48,6617 40 69 44 43,6616 40 65 45 45,6615 39 51 47 49
204;2;314;6614 49 42 37 38,6613 45 39 39 38,6612 58 28 49 46,6611 67 36 55 43,6610 75 39 50 48,6609 81 42 43 48,6608 82 48 48 52,6607 86 53 44 45,6606 86 58 42 46,6605 87 62 43 41,6604 85 64 49 48,6603 87 69 47 50,6602 89 66 50 49,6601 86 61 57 52,6600 85 36 57 59,6599 29 76 65 72,6598 21 71 60 61,6597 20 61 56 62,6596 16 55 60 59,6595 21 46 42 44
204;2;314;6614 33 53 38 37,6613 24 52 37 38,6612 31 58 36 31,6607 65 103 39 38,6606 74 101 45 38,6605 87 92 37 35
204;2;351;6671 61 115 61 49,6670 69 114 56 49,6669 72 115 52 44,6668 72 113 53 43,6667 65 112 62 48,6666 62 110 58 45,6665 59 109 54 45,6664 49 103 63 51,6663 48 101 57 55,6662 39 92 59 55,6661 36 91 56 50,6660 36 92 45 39
204;2;351;6671 70 80 -75 -67,6670 58 19 -60 69,6669 60 23 -69 67,6668 54 31 -60 63,6667 59 33 -74 65,6666 56 39 -62 57,6665 56 33 -60 69,6664 59 41 -59 67,6663 60 43 -59 69,6662 61 50 -61 60,6661 59 52 -58 60,6660 61 53 -57 59
204;2;351;6659 0 49 77 81,6658 0 47 70 75,6657 64 123 -69 -85,6656 68 111 -93 -79,6655 55 110 -102 -86
204;2;351;6659 134 10 43 50,6658 118 7 48 41,6657 107 1 61 50,6656 102 2 59 40,6655 146 37 -49 -43
204;2;351;6658 47 156 -55 -47,6657 53 152 -58 -47,6656 46 151 -52 -50
204;2;507;7123 121 133 -44 -41,7122 123 129 -40 -36,7121 123 127 -40 -35,7120 118 93 -36 32,7119 122 119 -34 -30,7118 120 121 -34 -33,7117 119 125 -40 -38,7116 102 135 -38 -41,7115 30 63 41 38,7114 29 71 45 36
204;2;520;7175 5 88 68 58,7174 11 90 78 58
204;2;520;7173 89 98 -54 49,7172 91 99 -52 44,7171 93 99 -47 45,7170 104 101 -59 43
204;2;520;7173 7 88 48 43,7172 4 91 45 40
204;2;520;7169 69 101 36 33,7168 65 100 48 36,7167 64 101 49 38,7166 49 17 55 46,7165 65 19 56 48,7164 87 37 57 52
204;2;520;7169 51 111 34 37,7168 44 113 42 35,7167 43 112 36 36,7166 127 50 -31 -32,7165 149 75 -37 -38,7164 155 107 -37 -27
204;2;536;7219 115 94 56 57,7218 101 94 64 54,7217 101 96 53 52,7216 99 89 54 57,7215 110 72 49 60,7214 116 67 47 59,7213 117 65 44 56,7211 52 127 -51 -46
204;2;536;7219 107 49 -65 -47,7218 118 54 -66 -52,7217 126 62 -57 -57,7216 138 72 -68 -63,7215 147 84 -70 -69,7214 153 77 -69 -54,7213 157 78 -75 -55,7211 2 26 67 64
204;2;537;7230 43 49 -46 45,7229 38 48 -37 44,7228 39 47 -38 46,7227 45 49 -45 49,7226 1 52 50 47,7225 7 59 43 39
204;2;537;7230 24 80 45 43,7229 26 81 43 43,7228 22 79 49 43,7227 26 80 41 40,7226 26 81 41 42,7225 23 78 42 38
204;2;537;7224 13 64 56 54,7223 17 69 50 49,7222 16 67 51 51,7221 15 67 54 53,7220 14 69 54 49
204;2;636;7508 39 19 45 36,7507 35 17 49 47,7506 36 20 45 39,7505 34 17 49 47,7504 33 19 48 46,7503 31 20 50 50,7502 27 22 50 48,7501 23 26 56 43,7500 20 26 56 47,7499 17 32 53 41,7498 19 34 44 36,7497 15 39 46 37
204;2;636;7508 20 66 55 55,7507 19 70 52 44,7506 20 66 48 49,7505 20 65 49 47,7504 19 64 50 46,7503 20 64 45 42,7502 15 62 51 41,7501 18 59 44 42,7500 16 61 47 40,7499 16 63 48 40,7498 10 62 53 42,7497 10 64 53 37
204;2;636;7496 5 44 65 58,7495 1 44 68 59,7494 63 48 -59 57,7493 59 47 -57 55,7492 59 43 -63 61,7491 56 41 -61 62,7490 54 39 -69 65,7489 51 37 -65 65
204;2;636;7491 133 125 57 67,7490 129 117 56 60,7489 118 108 66 65
204;2;657;7609 43 91 58 50,7608 30 92 49 45,7607 10 94 52 45,7606 9 95 50 49,7605 17 101 58 51
204;2;657;7607 34 73 40 33,7606 34 76 39 37,7605 37 83 42 33
204;2;657;7609 142 82 41 44,7608 122 99 59 48,7607 88 114 62 49,7606 77 118 72 42,7605 85 107 71 50
204;2;668;7662 106 92 48 55,7661 111 91 47 51
204;2;668;7662 74 120 55 48,7661 85 112 53 49
204;2;668;7662 43 101 43 43,7661 50 106 43 40,7660 47 108 49 45,7659 49 111 45 41
204;2;668;7660 85 101 63 57,7659 81 102 59 63
204;2;668;7658 14 95 91 74,7657 65 153 -69 -75
204;2;668;7657 61 104 44 46
204;2;678;7694 81 11 67 60,7693 75 12 60 55,7692 72 13 61 53,7691 65 9 63 61,7690 60 7 65 60,7689 57 9 65 53,7688 52 5 65 59,7687 54 3 58 55,7686 52 2 61 54,7685 54 1 59 49
204;2;678;7694 12 37 43 49,7693 16 44 40 39,7692 10 42 46 42,7691 13 42 46 44,7690 12 38 52 51,7689 10 32 61 59,7688 13 28 57 54,7687 21 19 48 58,7686 19 19 56 51,7685 19 17 56 51
204;2;686;7751 80 37 35 36,7750 76 38 35 36,7749 70 33 43 42,7748 69 35 37 35
204;2;686;7751 50 35 38 30,7750 37 21 39 35,7749 37 26 41 37,7748 43 28 33 36
204;2;686;7747 45 28 56 43,7746 46 33 47 39,7745 37 29 56 48,7744 32 32 59 45,7743 36 35 50 40,7742 33 33 50 47,7741 33 36 47 44,7740 32 39 45 46,7739 29 46 45 43,7738 25 44 48 46,7737 28 44 43 44,7736 28 47 40 43,7735 20 43 55 56,7734 18 45 55 53
204;2;695;7880 76 22 46 46,7879 75 13 50 54,7878 72 13 47 47,7877 70 11 46 48,7876 70 10 49 52,7875 71 13 46 47,7874 61 6 59 55,7873 57 6 56 51,7872 51 5 60 53,7871 47 7 57 48,7870 40 8 55 51,7869 35 8 56 50
204;2;708;8014 31 128 47 48,8013 43 132 49 49,8012 44 127 57 57,8011 45 124 56 54,8010 45 122 55 46,8009 40 113 51 51,8008 32 104 58 57,8007 26 96 62 60,8006 29 98 55 53,8005 34 105 52 53
204;2;708;8013 28 48 37 35,8012 32 34 39 40,8011 23 48 50 32,8010 24 45 42 40,8009 28 36 36 44,8008 27 34 37 30
204;2;708;8014 101 55 31 36,8013 96 54 32 32,8012 87 48 37 32,8011 78 43 38 33,8010 60 37 48 34,8009 54 36 42 34,8008 50 30 33 35
204;2;708;8007 17 26 55 41,8006 18 26 48 39,8005 15 31 50 42
204;2;714;8030 95 73 65 55,8029 96 74 54 57,8028 91 80 59 58,8027 96 82 56 56,8026 99 82 56 54,8025 104 84 55 50,8024 110 82 56 48,8023 115 72 59 59,8022 121 62 60 57,8021 128 49 65 59,8020 133 29 67 63
204;2;714;8030 5 121 61 62,8029 5 122 63 65,8028 8 128 67 55,8027 15 126 65 58,8026 16 126 66 54,8025 24 122 69 65,8024 34 124 68 53,8023 50 122 60 50,8022 58 118 62 59,8021 66 117 66 54,8020 79 111 58 56
204;2;721;8079 38 92 56 50,8078 41 93 54 49,8077 46 95 47 42
204;2;721;8079 78 95 42 37,8078 81 96 37 38,8077 81 96 31 38
204;2;721;8076 48 96 67 43,8075 48 96 64 48,8074 50 97 58 53,8073 48 99 59 52,8072 45 100 61 51,8071 44 98 55 56,8070 42 98 59 58,8069 37 103 61 54,8068 36 104 59 57,8067 30 102 61 66,8066 21 103 67 76,8065 15 102 64 70,8064 63 98 -63 70
204;2;725;8113 77 39 46 42,8112 83 44 45 41,8111 83 42 49 43,8110 85 44 49 43,8109 88 44 45 45,8108 88 39 43 51,8107 87 39 46 46,8106 89 38 46 48,8105 91 42 45 44,8104 92 40 48 47,8103 90 36 50 50,8102 95 32 50 52,8101 101 31 48 50,8100 98 24 57 59,8099 107 21 51 55
204;2;745;8318 24 48 48 50,8317 23 47 45 43,8316 15 38 59 61,8315 8 37 65 65
204;2;750;8358 60 103 65 51,8357 73 108 51 51,8356 73 104 55 54,8355 75 105 53 52,8354 75 103 55 54,8353 69 103 64 53,8352 31 5 59 47,8351 32 1 63 51,8350 41 3 52 48,8349 49 8 58 50
204;2;750;8356 135 10 40 40,8355 130 5 41 48,8354 124 63 65 -85,8353 114 63 69 -66,8352 51 86 -51 59,8351 10 79 53 53,8350 18 58 54 62,8349 28 40 52 60
204;2;750;8348 44 102 66 54,8347 23 107 80 56,8346 14 118 73 58
204;2;752;8374 20 76 48 36,8373 20 65 50 38,8372 15 62 53 45,8371 18 56 48 44,8370 13 54 51 48,8369 8 54 53 47,8368 8 50 49 43
204;2;752;8374 68 29 40 35,8373 62 28 52 37,8372 59 29 54 39,8371 49 30 53 40,8370 40 30 57 44,8369 28 31 58 43,8368 24 32 51 42
204;2;752;8367 98 73 58 51,8366 101 70 61 63
204;2;755;8407 112 60 54 47,8406 112 71 45 43,8405 112 79 44 38
204;2;755;8407 83 105 50 44,8406 88 95 47 49,8405 90 98 47 43
204;2;755;8404 96 85 59 55,8403 96 85 58 56,8402 99 88 56 57,8401 98 89 59 55,8400 102 88 57 62,8399 100 90 59 62,8398 99 90 60 65,8397 99 92 59 64,8396 100 89 65 67
204;2;765;8470 106 71 56 59,8469 107 66 53 61,8468 108 71 50 52,8467 105 72 54 46,8466 105 70 50 51,8465 99 69 57 47,8464 101 71 55 45,8463 104 73 48 47,8462 106 71 43 44
204;2;765;8470 74 27 41 37,8469 77 25 41 44,8468 81 23 42 45,8467 76 25 49 42,8466 79 27 49 44,8465 84 30 50 50,8464 85 32 51 50,8463 88 34 49 55,8462 93 41 43 45
204;2;765;8461 95 46 59 69,8460 101 45 60 63
204;2;771;8488 65 87 38 29,8487 63 88 34 29,8486 59 88 39 36,8485 57 91 40 31,8484 58 96 46 32,8483 65 98 37 33,8482 63 99 35 32,8481 66 98 53 39,8480 68 97 40 38,8479 68 96 41 36,8478 66 97 38 36,8477 67 102 36 37,8476 63 100 38 37,8475 59 101 41 39,8474 56 106 41 37,8473 52 103 40 41,8472 48 104 40 41,8471 40 101 46 45
204;2;771;8484 33 41 47 44
204;2;790;8578 96 89 47 44,8577 97 81 41 45,8576 91 74 51 49,8575 150 71 -64 55,8574 140 72 -50 49,8573 142 71 -53 54,8572 142 75 -53 46,8571 92 75 44 45,8570 89 76 46 44
204;2;790;8577 52 37 42 26,8576 56 32 44 32,8575 64 30 41 34,8574 67 31 47 35,8573 73 33 46 41,8572 82 38 40 40,8571 89 47 36 37,8570 91 53 34 36
204;2;790;8569 90 64 48 61,8568 88 70 58 56,8567 92 69 56 53,8566 97 65 55 55,8565 96 59 61 54,8564 103 45 57 60
204;2;791;8600 38 25 44 40,8599 40 28 41 34,8598 42 27 44 39,8597 37 24 53 40,8596 36 26 55 41,8595 42 26 48 46,8594 49 31 43 37,8593 53 29 41 39,8592 54 27 40 42
204;2;791;8598 103 52 36 36,8597 104 50 33 36,8596 98 48 36 32,8595 94 42 41 39,8594 85 41 43 37,8593 83 39 39 39,8592 86 37 31 40
204;2;791;8591 63 32 52 38,8590 62 29 55 46,8589 64 25 53 51,8588 66 25 54 53,8587 66 25 55 51,8586 68 25 54 48,8585 74 25 49 47,8584 70 16 61 60,8583 72 17 61 60,8582 71 16 62 57,8581 75 16 58 55,8580 74 19 63 55,8579 80 13 62 61
204;2;806;8716 80 107 40 42,8715 76 107 44 43,8714 74 108 43 40,8713 75 113 43 42,8712 77 113 39 38,8711 78 115 36 38,8710 75 116 38 37,8709 73 115 41 42,8708 70 115 45 41,8707 64 113 51 47,8706 60 112 55 50
204;2;811;8766 37 77 43 43,8765 39 85 45 36,8764 47 86 38 39,8763 44 86 42 42,8762 47 90 42 41,8761 48 94 40 36,8760 74 25 43 42,8759 75 25 43 41,8758 77 23 46 45,8757 79 26 42 43
204;2;818;8878 72 86 29 24,8877 71 86 31 26,8876 75 85 27 27,8875 75 87 31 31,8874 70 88 37 30,8873 73 89 34 27,8872 76 82 38 37,8871 79 81 35 34,8870 80 79 39 36,8869 78 83 38 38,8868 79 84 37 38,8867 70 84 49 43,8866 75 87 42 38,8865 74 90 46 39,8864 71 89 49 42,8863 73 91 45 41,8862 65 91 50 43,8861 63 91 52 38,8860 66 94 41 39,8859 48 91 64 54,8858 46 98 62 45
204;2;821;8937 99 48 37 39,8936 98 48 37 40,8935 99 50 36 39,8934 97 53 39 40,8933 93 54 39 39,8932 87 46 42 49,8931 84 40 40 46,8930 75 31 45 46,8929 46 97 45 49
204;2;822;8945 66 92 43 39,8944 57 95 42 37,8943 45 89 45 42,8942 39 90 44 36
204;2;822;8945 0 56 48 45,8944 8 60 48 43,8943 22 64 40 42,8942 21 65 41 40
204;2;822;8941 17 70 52 53,8940 19 80 46 46,8939 15 91 52 46,8938 21 104 56 57
204;2;862;9147 82 82 38 40,9146 75 86 46 37,9145 75 87 44 37,9144 78 85 40 38,9143 76 86 46 39,9142 83 86 43 41,9141 82 86 40 41
204;2;870;9235 130 106 -35 -39,9234 95 68 29 37,9233 92 67 36 44,9232 93 62 36 42,9231 93 63 36 41,9230 130 100 -39 -36,9229 126 103 -34 -38,9228 128 105 -34 -40,9227 130 106 -36 -39,9226 135 109 -41 -45,9225 136 109 -39 -42,9224 140 113 -48 -47,9223 137 109 -40 -41,9222 136 110 -39 -40,9221 145 112 -54 -52,9220 144 112 -49 -49,9219 140 109 -46 -44,9218 139 114 -46 -48,9217 136 114 -42 -43,9216 90 70 52 48,9215 93 72 48 48,9214 91 70 56 53,9213 88 72 60 55,9212 94 75 55 50,9211 96 76 56 47,9210 96 75 62 52,9209 100 75 59 54,9208 104 75 58 58,9207 109 80 69 62
204;2;870;9213 96 23 -36 -41,9212 94 36 -35 -41,9211 97 41 -31 -34,9210 67 11 36 45,9209 71 17 34 36,9208 73 16 39 37,9207 84 23 40 37
204;2;875;9265 54 86 33 30,9264 51 85 35 31,9263 53 86 35 27,9262 48 83 41 32,9261 45 85 44 30,9260 47 83 34 35,9259 47 88 38 32,9258 49 87 37 31,9257 46 85 38 36,9256 43 85 44 35,9255 42 81 43 40,9254 43 82 41 42,9253 42 82 47 44,9252 40 79 52 50,9251 42 83 47 45,9250 42 84 49 46,9249 43 84 48 47,9248 41 87 53 42,9247 44 90 51 40,9246 44 86 56 47,9245 50 89 48 44,9244 52 93 49 41,9243 55 88 52 48,9242 59 94 50 40,9241 64 97 45 37,9240 68 99 43 38,9239 71 101 43 41,9238 75 106 45 41,9237 76 108 49 47
204;3;41;10405 65 40 -46 -40,10404 125 37 -46 -48,10403 138 42 -48 -41,10402 134 47 -45 -44,10401 83 4 50 48,10400 80 6 45 42,10399 77 9 45 44,10398 55 4 54 42,10397 79 44 -43 -42,10396 77 47 -46 -43,10395 64 38 -42 -53
204;3;76;11482 110 24 49 53,11481 106 26 52 53,11480 104 29 50 52,11479 103 36 46 43,11478 99 37 46 46,11477 101 35 43 51,11476 96 38 53 53,11475 94 37 51 57,11474 93 39 50 56,11473 93 42 48 49,11472 94 45 47 47,11471 92 43 53 50,11470 94 42 51 52,11469 96 45 46 48,11468 96 43 45 50,11467 95 46 47 45,11466 92 41 49 49,11465 93 41 51 51,11464 91 41 55 51,11463 92 38 51 55,11462 95 37 49 60
204;3;76;11461 99 63 38 33,11460 100 59 37 40,11459 101 62 34 38,11458 95 66 38 38,11457 23 55 41 40,11456 24 52 40 39
204;3;76;11461 95 37 38 39,11460 91 32 38 37,11459 89 27 41 42,11458 87 26 40 38,11457 42 105 43 35,11456 48 107 42 36
204;3;77;11487 97 19 45 52,11486 42 107 42 45,11485 40 114 45 40,11484 91 11 47 47
204;3;84;11509 96 27 46 45,11508 18 29 46 44,11507 19 34 44 40,11506 18 40 44 40
204;3;84;11509 46 12 47 42,11508 60 12 48 44,11507 68 11 47 44,11506 72 14 50 41
204;3;84;11505 18 101 57 50
204;3;84;11504 12 91 44 37,11503 9 104 40 39
204;3;84;11504 66 109 48 38,11503 39 110 43 38
204;3;106;9470 114 8 62 73,9469 111 0 55 72,9468 106 0 58 57,9467 101 1 60 54,9466 93 1 67 51,9465 85 2 67 50,9464 92 1 59 41,9463 88 1 59 43,9462 89 0 57 47,9461 86 0 60 49,9460 91 0 59 55,9459 95 0 55 54,9458 102 0 52 60
204;3;108;9476 6 111 62 57
204;3;108;9475 14 13 84 56,9474 20 15 69 54,9473 17 17 62 55,9472 89 85 60 51
204;3;108;9475 87 2 62 54,9474 101 7 56 58,9473 117 14 55 53,9472 32 93 -51 55,9471 37 94 -49 53
204;3;108;9471 91 91 45 42
204;3;108;9471 128 75 46 42
204;3;244;10078 144 111 -46 -46,10077 145 105 -46 -43,10076 144 103 -43 -42,10075 145 103 -48 -49,10074 146 100 -49 -49
204;3;244;10073 101 61 36 40,10072 97 64 45 40,10071 95 67 46 43
204;3;244;10073 113 37 40 38,10072 116 29 43 37,10071 138 20 43 38
#excluded, bad backward sampling
#204;3;312;10229 29 94 42 53,10228 25 73 43 58,10227 20 36 48 65,10226 23 29 45 64,10225 18 57 48 51,10224 17 56 50 47
#204;3;312;10229 64 116 48 46,10228 64 119 47 44,10227 31 119 50 40,10226 35 118 44 40,10225 73 110 47 48,10224 94 110 57 40
204;3;325;10262 89 95 42 41,10261 88 88 46 45,10260 89 83 50 50,10259 87 79 58 51,10258 92 75 53 49,10257 91 65 60 54,10256 100 62 49 50,10255 99 60 51 50,10254 101 59 51 47,10253 105 57 41 41
204;3;325;10262 78 120 41 38,10261 76 120 42 49,10260 69 128 47 50,10259 67 130 47 48,10258 69 139 46 51
204;3;370;10366 42 57 -46 -45,10365 53 73 -53 -51,10364 9 25 51 64,10363 14 19 58 65,10362 160 83 -101 62,10361 93 123 67 -68,10360 115 50 45 63,10359 133 50 57 52
204;3;370;10358 120 0 -57 55,10357 28 5 56 64,10356 11 20 58 64,10355 1 30 58 73
204;3;370;10358 48 155 -42 -45,10357 77 135 -39 -36
204;3;370;10366 40 117 42 46,10365 33 118 44 43,10364 32 115 43 43,10363 22 109 39 43
204;3;370;10366 79 109 45 42,10365 64 107 48 50,10364 98 155 -39 -43,10363 46 109 38 46
204;3;370;10362 1 107 52 73,10361 35 112 55 48,10360 36 110 57 50,10359 27 107 54 54
204;3;370;10358 31 51 -58 58,10357 7 83 49 49
204;3;370;10356 18 99 56 44,10355 23 97 53 45
204;3;370;10354 69 146 -77 -84
204;3;389;10374 79 103 50 49,10373 32 109 49 50,10372 4 63 58 75,10371 97 106 46 44
204;3;389;10374 154 147 -43 -43,10373 4 99 41 52
# excluded, bad backward sampling
#204;3;510;10753 76 82 52 57,10752 80 52 63 82,10751 116 64 -71 -81,10750 134 73 -52 -67,10749 135 96 -49 50
#204;3;510;10753 117 96 49 53,10751 150 107 -59 -57,10750 155 111 -59 -48,10749 141 99 -43 -48
204;3;528;10843 52 134 40 54,10842 59 126 40 58,10841 51 115 45 43,10840 47 109 41 39,10839 41 103 41 41,10838 32 86 44 43,10837 30 78 46 47,10836 29 72 46 43,10835 30 65 38 42,10834 28 61 40 40,10833 31 52 41 44
204;3;528;10832 133 107 -43 -41,10831 132 102 -39 -37,10830 127 104 -33 -37,10829 126 107 -33 -35,10828 89 71 40 42,10827 85 74 47 48,10826 80 76 52 49,10825 85 87 38 36,10824 118 123 -38 -29,10823 75 99 39 34,10822 110 134 -45 -36,10821 104 138 -42 -41,10820 101 136 -39 -41
204;3;528;10831 26 64 41 43,10830 25 65 47 47,10829 32 72 37 41,10828 33 75 39 44,10827 27 71 36 32
204;3;528;10824 44 37 -39 -42,10823 48 49 -34 -47,10822 53 59 -39 -38,10821 18 26 41 39,10820 23 33 36 36
204;3;542;10897 33 95 41 37,10896 31 96 45 41,10895 32 98 41 41,10894 31 99 42 39,10893 28 98 38 30,10892 31 99 36 32,10891 31 100 30 31,10890 32 100 30 32,10889 33 102 27 27
204;3;542;10897 38 119 -44 -40,10896 40 120 -42 -42,10895 38 82 -39 41,10894 37 121 -39 -40,10893 36 83 -40 44,10892 39 87 -43 41,10891 42 85 -45 47,10890 44 83 -46 48,10889 44 85 -42 49
204;3;542;10888 4 90 55 46,10887 8 91 54 50,10886 7 90 57 49,10885 8 91 54 51,10884 12 91 49 51,10883 10 89 59 50,10882 12 89 56 53,10881 15 90 57 53,10880 20 89 53 53,10879 21 91 53 55,10878 18 88 60 60,10877 19 90 56 55,10876 26 93 51 48,10875 27 91 53 51,10874 28 91 50 51,10873 32 98 43 45,10872 29 95 49 49,10871 29 101 47 45,10870 26 101 50 50,10869 27 104 52 48,10868 28 110 46 43,10867 23 107 49 52,10866 17 109 49 58,10865 9 109 53 67
204;3;542;10878 137 13 41 47,10877 134 18 43 46,10876 122 21 55 45,10875 123 26 42 36,10874 114 30 47 42,10873 110 34 45 46,10872 104 41 45 45,10871 105 48 41 43,10870 95 43 54 60,10869 87 54 52 52,10868 83 69 45 36,10867 73 80 43 35
204;3;542;10876 139 112 33 33,10875 134 109 45 36,10874 122 112 46 36,10873 122 117 35 32
204;3;542;10873 122 143 43 37
204;3;542;10872 114 115 50 70,10871 104 114 46 44,10870 92 106 53 45,10869 79 103 59 44,10868 71 105 62 43,10867 120 143 -56 -40
204;3;542;10866 109 86 -53 61,10865 97 146 -44 -47
204;3;579;11162 62 90 55 52,11161 55 96 46 47,11160 46 96 48 46,11159 39 94 50 49,11158 37 92 50 52,11157 37 97 46 45,11156 37 94 41 48
204;3;579;11161 8 81 40 41,11160 10 81 39 44,11159 5 88 47 39,11158 6 91 45 46,11157 5 95 40 40,11156 6 93 44 49
204;3;579;11155 6 95 69 49,11154 9 95 67 53,11153 10 95 60 54,11152 7 96 65 54,11151 8 97 63 53,11150 9 94 65 59,11149 11 96 59 56,11148 15 95 53 59,11147 13 97 61 58,11146 11 97 64 58,11145 7 96 66 64,11144 7 96 67 64,11143 6 99 64 62,11142 5 99 65 62
204;3;590;11232 118 75 -37 40,11231 122 80 -42 37,11230 122 79 -39 39,11229 121 82 -35 34,11228 122 86 -37 34
204;3;590;11232 41 97 42 35,11231 51 97 36 39,11230 53 97 36 38,11229 57 98 39 37,11228 61 98 39 35
204;3;590;11227 68 89 55 41,11226 128 133 -56 -46
204;4;29;12496 93 40 47 41,12495 93 38 43 39,12494 91 38 41 38,12493 92 37 38 38,12492 89 34 40 39,12491 86 32 41 43,12490 86 31 41 42,12489 82 32 44 40
204;4;29;12488 114 38 38 35,12487 115 37 37 36,12486 107 27 37 41
204;4;29;12488 78 33 45 42,12487 77 34 44 38,12486 77 32 45 44,12485 73 36 48 39,12484 75 37 49 45
204;4;29;12483 69 39 42 27,12482 69 36 43 35,12481 65 32 47 41
204;4;29;12483 131 96 -39 -35,12482 131 94 -34 -35,12481 131 65 -37 31
204;4;55;13508 87 31 55 47,13507 88 29 59 52,13506 88 23 59 58,13505 88 31 58 49,13504 92 31 52 51,13503 91 30 54 55,13502 92 32 54 55,13501 91 37 54 48,13500 93 38 46 45,13499 91 36 53 48,13498 94 36 50 43,13497 96 36 49 44,13496 97 32 51 48
204;4;55;13508 93 67 53 40,13507 95 67 53 47,13506 98 71 46 42,13505 98 77 45 38,13504 99 79 45 42,13503 91 83 46 38,13502 86 85 46 36,13501 82 86 47 41,13500 76 94 47 36,13499 75 97 46 35,13498 72 101 43 36,13497 64 106 47 33,13496 60 103 49 40
204;4;83;13637 12 8 50 47,13636 131 39 -48 -47,13635 130 47 -48 -48,13634 55 24 -41 -41
204;4;102;11663 4 118 72 59
204;4;102;11662 2 122 58 61,11661 3 122 60 59,11660 2 122 62 63,11659 3 125 63 62,11658 1 125 70 61,11657 3 120 69 67,11656 1 123 71 65,11655 3 124 73 64,11654 3 125 71 64,11653 2 130 75 59,11652 3 128 66 62,11651 9 128 60 60,11650 8 128 60 55,11649 11 131 55 49,11648 10 126 53 52,11647 7 128 59 44,11646 7 128 54 44,11645 6 126 53 49,11644 6 125 52 55,11643 3 125 56 53,11642 2 126 54 56,11641 0 125 52 51,11640 0 122 47 54,11639 48 125 -51 43,11638 45 124 -50 46,11637 42 123 -44 42,11636 38 120 -48 46,11635 32 123 -42 36,11634 26 118 -36 40,11633 28 114 -39 39
204;4;102;11662 44 119 44 43,11661 51 118 42 42,11660 51 117 50 43,11659 55 114 59 50,11658 68 113 48 49,11657 73 115 50 44,11656 83 118 50 43,11655 90 122 44 40,11654 96 125 45 40,11653 103 127 46 38,11652 112 130 47 39,11651 123 134 38 33,11650 124 133 56 41,11649 135 137 50 35
204;4;103;11670 36 116 49 38,11669 35 114 49 40,11668 37 116 45 38,11667 36 113 48 42,11666 37 114 50 40,11665 43 121 46 46,11664 53 139 42 40
204;4;103;11670 30 85 44 39,11669 30 83 44 42,11668 27 79 48 44,11667 24 68 50 49,11666 25 63 43 43,11665 21 53 47 47,11664 19 48 48 45
204;4;114;11726 10 59 42 43,11725 10 47 49 49
204;4;114;11724 118 45 71 86
204;4;114;11723 95 31 49 47,11722 97 40 43 42,11721 96 49 42 45,11720 94 64 43 39,11719 99 64 40 35
204;4;114;11723 118 61 79 99,11722 126 95 82 104
204;4;134;11839 73 48 -48 -47,11838 86 148 -40 -40,11837 73 157 -42 -44,11836 81 150 -41 -38
204;4;134;11839 148 37 -43 -39
204;4;176;12049 132 53 -90 -70
204;4;176;12048 75 5 58 58,12047 68 5 61 60,12046 64 1 70 57,12045 61 48 72 -69,12044 45 37 73 -87
204;4;176;12048 30 0 61 48,12047 12 8 70 53,12046 3 21 61 58,12045 56 38 -59 74,12044 57 130 -54 -78,12043 69 136 -63 -68,12042 69 142 -58 -62,12041 77 150 -63 -61,12040 143 67 -63 -59
204;4;176;12039 144 65 -47 -44,12038 147 71 -50 -49,12037 154 73 -55 -51,12036 108 20 52 55,12035 119 25 52 50
204;4;176;12039 71 3 51 50,12038 65 1 50 49,12037 59 3 48 50,12036 54 7 49 46,12035 48 3 57 60
204;4;198;12153 81 85 50 48,12152 80 86 53 37,12151 149 118 -56 -50,12150 110 42 46 46
204;4;198;12153 139 56 52 48,12152 139 64 46 48,12151 144 58 39 43,12150 138 21 46 47
204;4;320;12604 38 84 44 42,12603 36 79 42 42,12602 32 72 43 42,12601 27 69 46 43,12600 25 66 46 42,12599 22 63 50 45,12598 23 61 47 46,12597 23 59 45 43,12596 23 59 44 45,12595 26 57 40 43,12594 25 58 42 39,12593 26 55 43 41,12592 29 54 39 38,12591 28 53 40 35
204;4;320;12590 22 53 37 34,12589 23 51 35 37,12588 24 53 40 35,12587 26 53 40 37,12586 27 52 42 41,12585 35 67 37 40
204;4;320;12604 71 105 50 48
204;4;320;12590 46 38 36 37,12589 53 37 36 35,12588 68 32 43 35,12587 83 35 35 38
204;4;323;12627 98 56 47 51,12626 96 55 51 56,12625 103 61 45 46,12624 103 59 49 48,12623 107 56 49 52,12622 107 54 50 52,12621 107 51 57 51,12620 112 47 54 49,12619 113 43 57 51,12618 117 32 54 58,12617 123 25 52 53
204;4;323;12622 41 109 -74 47,12621 46 109 -66 46,12620 3 102 65 48,12619 24 96 58 53,12618 47 91 54 45,12617 63 89 44 41
#excluded, bad backward sampling
#204;4;324;12635 30 77 39 40,12634 29 77 40 41,12633 31 78 38 40,12632 31 78 39 40,12631 33 79 39 39,12630 37 81 39 40,12629 44 84 38 39,12628 47 83 44 41
#204;4;324;12635 35 101 -66 -55,12634 38 99 -58 -48,12633 38 99 -51 -50,12632 36 49 -47 52,12631 37 104 -49 -55,12630 38 101 -51 -52,12629 39 47 -53 50,12628 38 49 -60 42
204;4;335;12660 42 95 43 43,12659 44 102 46 39,12658 87 141 -46 -42,12657 85 141 -48 -46,12656 88 139 -53 -45,12655 85 140 -50 -48,12654 88 143 -56 -53,12653 85 138 -53 -46,12652 84 90 -53 52,12651 89 88 -60 54,12650 85 92 -51 47,12649 92 89 -55 50,12648 94 90 -53 49,12647 97 89 -52 48,12646 105 84 -56 57,12645 53 92 52 46
204;4;335;12644 54 100 44 38,12643 59 99 46 40,12642 65 103 52 48,12641 74 118 51 50
204;4;335;12660 114 4 49 56,12659 128 3 50 58
204;4;335;12660 101 40 -64 -62,12659 100 20 -52 -55
204;4;335;12660 27 54 39 44,12659 27 79 46 38,12658 25 70 46 45,12657 71 65 -42 43,12656 25 59 46 48,12655 21 59 51 47,12654 26 53 45 51,12653 26 52 45 52,12652 25 50 48 49,12651 21 47 57 53,12650 76 47 -55 48,12649 77 48 -60 53,12648 16 53 59 49,12647 17 53 55 56,12646 21 59 50 51,12645 21 61 48 50,12644 17 61 48 50,12643 14 65 48 49,12642 8 67 48 52,12641 9 74 46 48
204;4;335;12644 79 59 47 60,12643 84 47 38 53,12642 80 39 47 57,12641 80 34 44 48
204;4;336;12665 24 70 50 49,12664 16 57 58 53,12663 21 55 49 49,12662 141 92 -51 -46,12661 137 94 -49 -48
204;4;336;12665 90 49 -52 -66,12664 96 48 -52 -49,12663 93 53 -49 -46,12662 105 50 -75 -67,12661 101 40 -63 -71
204;4;339;12696 33 53 36 42,12695 31 56 41 42,12694 32 59 50 54,12693 37 69 46 46,12692 36 73 52 43
204;4;339;12694 105 125 42 48,12693 90 121 41 41,12692 75 110 44 45
204;4;339;12691 106 143 -43 -44,12690 50 89 54 51,12689 44 85 52 48,12688 38 82 53 45,12687 36 75 49 48,12686 33 65 55 62,12685 36 73 46 48,12684 85 60 47 51,12683 82 67 47 45,12682 82 69 43 47,12681 121 117 -45 -43,12680 68 77 48 48,12679 57 86 49 42
204;4;339;12678 47 96 43 41
204;4;339;12678 87 37 42 49
204;4;341;12742 112 94 -45 35,12741 114 91 -44 34,12740 111 93 -38 31,12739 111 91 -38 34,12738 111 93 -41 33,12737 110 92 -37 33,12736 69 93 45 30,12735 77 90 35 35,12734 73 90 37 34,12733 73 88 39 39,12732 75 90 37 35,12731 73 88 40 38,12730 70 86 43 40,12729 73 87 42 37,12728 73 85 40 39,12727 76 87 37 35,12726 75 86 39 37,12725 69 86 46 36,12724 67 82 46 36
204;4;341;12736 144 56 39 41,12735 142 51 46 50,12734 140 54 42 42,12733 137 57 49 41,12732 136 56 51 44,12731 136 57 52 44,12730 133 57 55 48,12729 134 59 52 43,12728 135 62 51 40,12727 135 64 50 40,12726 129 62 58 41,12725 134 67 50 34,12724 134 64 45 39
204;4;345;12758 56 109 -40 -36,12757 57 109 -39 -36,12756 59 110 -42 -40,12755 63 110 -47 -39,12754 21 68 51 46,12753 28 69 44 47,12752 31 80 54 43,12751 85 128 -44 -43,12750 47 88 44 39
204;4;345;12757 109 88 35 35,12756 102 92 35 37,12755 97 87 36 38,12754 92 89 36 36,12753 86 88 38 32,12752 81 88 39 38,12751 81 89 37 34,12750 79 90 37 35
204;4;345;12749 53 91 67 33,12748 118 122 -50 -33,12747 122 119 -50 -32,12746 129 80 -50 40,12745 132 76 -47 39,12744 135 65 -47 49,12743 137 64 -44 41
204;4;361;12879 64 16 51 57,12878 77 112 -47 -49,12877 69 101 -38 -41,12876 68 96 -41 -40,12875 61 91 -36 -38
204;4;361;12879 109 69 49 50,12878 58 68 -48 -46,12877 62 66 -48 -47,12876 59 63 -41 -42,12875 58 66 -40 -39,12874 58 74 -43 -43
204;4;361;12873 55 82 -49 -53,12872 108 67 54 59,12871 121 64 66 78
204;4;361;12873 113 35 61 -40
204;4;362;12891 55 67 -54 -52,12890 105 96 47 46
204;4;362;12890 134 109 33 58
204;4;362;12889 108 91 56 64,12888 106 87 60 64,12887 104 83 61 62,12886 104 72 58 70,12885 100 69 65 67,12884 104 63 61 69,12883 96 52 72 76,12882 95 45 75 74
204;4;375;12983 113 51 39 32,12982 111 48 39 33,12981 115 51 36 29,12980 111 45 41 39,12979 112 51 36 32,12978 108 48 42 37,12977 112 51 38 38,12976 112 52 36 33,12975 111 50 36 34,12974 110 48 43 39,12973 115 52 39 36,12972 113 47 39 40,12971 114 50 39 39,12970 118 52 36 40,12969 115 51 42 42,12968 111 49 47 46,12967 107 46 50 52,12966 111 53 46 45,12965 110 55 51 44,12964 113 61 49 42,12963 116 66 45 40,12962 118 65 42 40
204;4;379;13017 11 34 51 47,13016 22 29 41 41,13015 95 98 37 38,13014 87 99 48 45,13013 97 101 41 42,13012 101 97 45 44,13011 7 26 49 50
204;4;389;13052 28 61 -41 -34,13051 24 61 -34 -34,13050 26 61 -39 -34,13049 26 62 -37 -34,13048 30 66 -43 -41,13047 33 66 -46 -42,13046 32 64 -48 -40,13045 34 61 -51 -38,13044 35 66 -45 -42,13043 38 66 -44 -39,13042 44 68 -45 -40,13041 45 68 -44 -32,13040 45 71 -42 -35,13039 46 70 -41 -40
204;4;389;13043 113 33 -55 -39,13042 94 40 -45 -37,13041 84 6 -44 46,13040 77 15 -41 38,13039 69 18 -38 38
204;4;389;13038 5 27 53 47,13037 0 27 48 46,13036 45 28 -56 49,13035 33 27 -60 48
204;4;431;13171 101 52 41 41,13170 95 63 39 40,13169 95 67 38 38,13168 93 69 40 40,13167 92 76 36 38,13166 91 73 39 40,13165 93 72 40 46,13164 96 75 38 41,13163 101 72 38 40,13162 105 69 39 42,13161 104 69 45 45
204;4;431;13165 6 117 62 40,13164 18 106 56 53,13163 23 103 67 46,13162 53 92 59 44,13161 72 90 46 41
204;4;431;13160 99 64 58 54,13159 106 53 59 60,13158 112 46 70 61
204;4;437;13183 117 73 38 37,13182 113 74 40 34
204;4;437;13183 95 47 36 42,13182 99 55 33 35
204;4;437;13181 100 56 44 53,13180 102 64 46 46,13179 103 69 41 41,13178 103 68 44 44,13177 101 72 43 41,13176 102 72 42 48,13175 101 83 38 40,13174 93 89 51 43,13173 89 95 47 46,13172 79 98 58 52
204;4;437;13172 23 107 44 42
205;1;8;2784 115 85 -44 -41,2783 72 43 46 44,2782 76 44 46 48,2781 80 47 43 44,2780 80 45 43 44,2779 81 46 41 41,2778 82 46 40 40,2777 79 42 42 44,2776 76 39 42 42
205;1;18;639 79 31 58 -55,638 53 51 59 -47,637 88 25 -41 48,636 38 35 45 48,635 126 114 -46 -43,634 125 109 -41 -42,633 127 103 -42 -41,632 128 101 -42 -43,631 131 97 -46 -40,630 133 101 -47 -47,629 131 97 -46 -43,628 122 91 -38 -40
205;1;21;769 96 137 -40 -38,768 112 127 -43 -38,767 117 119 -37 -34,766 122 116 -37 -33,765 124 114 -36 -35,764 127 115 -37 -33,763 130 116 -40 -35,762 135 118 -38 -35,761 142 117 -38 -38,760 115 113 44 -37
205;1;23;792 47 15 51 54,791 79 23 51 52,790 68 17 49 54,789 65 16 51 48,788 68 27 41 38,787 77 13 45 47,786 58 15 42 41,785 50 13 44 44
205;1;23;792 39 85 -44 54,791 153 137 -52 -47,790 108 86 50 52,789 112 103 47 48,788 107 115 50 47,786 40 98 -45 49,785 49 63 -45 55
205;1;24;881 80 34 39 39,880 74 32 41 40,879 72 31 38 37,878 67 29 40 40,877 68 30 38 39,876 66 30 43 40,875 69 30 41 40,874 69 31 45 40,873 74 34 43 37,872 73 31 45 41,871 75 33 44 40,870 79 35 39 42,869 80 40 38 37,868 81 39 41 40,867 80 39 41 40,866 79 44 45 34,865 85 43 39 41,864 90 49 33 35,863 93 53 30 34,862 93 56 33 36,861 95 58 30 38,860 92 59 38 42,859 95 64 33 43
205;1;25;887 39 94 50 46,886 43 95 49 47,885 45 96 54 45,884 52 100 53 41,883 50 101 48 38,882 91 141 -46 -39
205;1;34;1066 50 109 -44 -45,1065 51 115 -46 -46,1064 49 117 -44 -46,1063 49 115 -45 -43,1062 48 112 -45 -44,1061 35 112 -52 -46
205;1;36;1196 102 53 55 73,1195 116 85 51 67,1194 34 62 -48 -53,1193 26 66 -55 -48,1192 21 76 -57 -48,1191 16 83 -47 -52
205;1;36;1196 102 21 -54 -47,1195 91 41 -56 -73
205;1;36;1194 91 104 40 43,1193 96 89 43 42,1192 93 69 52 51,1191 94 57 50 55,1190 98 53 49 54,1189 99 53 52 49,1188 107 45 54 49
205;1;36;1194 68 129 56 37,1193 79 124 49 36,1192 85 111 50 43,1191 89 109 42 41,1190 83 107 47 45,1189 80 109 44 47,1188 75 108 40 48
205;1;100;291 36 76 38 33,290 33 69 38 39,289 94 62 37 36,288 103 72 31 34,287 106 76 38 42,286 116 84 38 40,285 123 90 38 37
205;1;100;291 48 99 34 29,290 43 96 35 36,289 85 27 39 36,288 81 26 39 37,287 73 21 39 40,286 68 26 40 31,285 63 27 36 30,284 59 30 34 30,283 90 62 -39 -37
205;1;130;380 67 101 51 46,379 63 102 48 43,378 60 102 47 41,377 60 101 38 41,376 55 101 44 39,375 54 101 46 43,374 54 103 41 39,373 52 103 40 39,372 53 102 38 40,371 52 103 42 39,370 53 103 41 39,369 54 103 39 39,368 53 102 39 40,367 53 101 40 39,366 53 100 39 37,365 53 98 37 38,364 51 96 38 40,363 49 96 38 39
205;1;130;362 44 85 36 35
205;1;130;362 54 108 31 30
205;1;157;555 69 18 57 53,554 70 16 64 53,553 78 16 58 45,552 85 9 58 50,551 91 11 52 50
205;1;157;550 109 4 48 36,549 123 34 48 -51,548 131 29 55 -59
205;1;157;550 99 21 40 40,549 96 21 46 43,548 144 64 -42 -40,547 144 67 -40 -39,546 145 66 -41 -39,545 145 69 -38 -37,544 147 72 -41 -39,543 147 74 -42 -42,542 145 71 -37 -36,541 145 71 -36 -37,540 103 35 37 37,539 102 37 36 30,538 98 34 39 34,537 93 37 37 28,536 87 37 40 29
205;1;170;618 75 29 45 40
205;1;170;616 24 40 42 39,615 27 37 41 42,614 25 35 47 44,613 28 33 44 42,612 32 32 39 41,611 30 29 46 42,610 28 29 51 38,609 27 31 52 40,608 30 64 34 38,607 76 21 45 41,606 78 20 46 44,605 82 24 41 40,604 86 26 43 41
205;1;198;716 75 113 53 56,715 75 113 54 58,714 69 112 65 58
205;1;198;713 128 128 -43 44,712 132 129 -44 50,711 134 131 -47 46,710 132 132 -45 42,709 132 132 -43 47,708 77 31 -51 -51,707 80 29 -52 -51,706 79 27 -51 -54,705 77 133 56 56
205;1;198;713 64 109 47 43,712 58 107 49 44,711 56 106 48 43,710 53 104 51 46,709 47 102 53 46,708 120 60 -52 -45,707 128 68 -59 -50,706 128 72 -47 -46,705 24 82 46 43
205;1;224;784 111 107 54 50,783 117 98 51 49,782 120 92 53 52
205;1;224;781 125 105 42 35,780 126 105 40 38,779 126 109 37 37,778 127 111 38 39,777 123 115 44 39,776 124 116 42 39,775 124 120 37 34,774 127 119 37 37,773 125 118 36 35,772 126 118 34 33,771 124 112 37 37,770 129 106 34 33
205;1;224;781 143 85 38 35,780 146 79 43 35
205;1;224;773 14 99 38 35,772 13 102 37 32,771 13 101 38 34,770 17 101 37 36
205;1;234;830 75 140 33 42,829 74 135 36 42,828 76 129 33 40,827 74 125 39 39
205;1;234;829 114 104 37 35,828 136 143 -32 -33,827 131 141 -37 -29
205;1;234;826 76 116 41 39,825 75 154 40 -41,824 112 153 -42 -41,823 110 153 -40 -42,822 107 151 -40 -42,821 103 150 -37 -41,820 102 150 -39 -40,819 60 108 41 41,818 56 107 40 42,817 51 105 44 42,816 50 105 41 39,815 50 105 37 41,814 43 105 42 40,813 41 103 39 39,812 36 102 41 40,811 33 100 46 45,810 28 100 47 47,809 70 148 -47 -47,808 65 144 -44 -42,807 59 144 -44 -42,806 51 144 -40 -40,805 5 103 43 44
205;1;234;810 85 137 52 47,809 76 133 57 45
205;1;234;811 139 126 50 38,810 123 123 59 43,809 115 129 41 32
205;1;234;808 60 128 66 45,807 50 123 62 52,806 97 124 -60 41,805 84 123 -51 40
205;1;234;804 1 94 67 76,803 64 154 -82 -60,802 49 150 -70 -66
205;1;360;1219 87 80 52 48,1218 90 85 48 43,1217 90 88 45 41,1216 90 82 45 45,1215 92 85 41 42,1214 90 85 42 43,1213 86 86 45 44,1212 85 87 43 43,1211 86 85 42 42,1210 84 84 43 41,1209 84 84 43 41,1208 84 84 40 39,1207 81 82 45 42,1206 81 82 42 40,1205 83 81 42 38,1204 82 77 45 44,1203 83 81 42 39,1202 85 80 39 37,1201 85 80 38 37,1200 82 76 45 42,1199 88 80 41 37,1198 91 81 46 38,1197 93 83 45 34
205;1;442;1407 4 35 45 50,1406 3 29 47 50,1405 4 28 45 42,1404 6 17 44 46
205;1;442;1407 67 130 54 47,1406 74 134 42 43,1405 76 138 43 44,1404 79 143 40 40
205;1;452;1428 81 123 -54 57,1427 81 121 -60 50,1426 85 114 -58 50
205;1;452;1425 20 68 55 89,1424 102 101 -79 60,1423 28 101 70 60
205;1;452;1427 122 77 75 67,1426 111 82 72 60,1425 97 82 78 66,1424 98 88 63 56,1423 85 91 70 58
205;1;452;1422 35 91 116 76,1421 34 93 110 71,1420 135 90 -104 78,1419 130 94 -104 75,1418 128 89 -108 89
205;1;452;1428 13 48 50 57,1427 17 55 40 49
205;1;452;1426 11 52 49 45,1425 41 36 -42 41,1424 34 28 -34 44,1423 35 58 -46 -50,1422 37 50 -43 -55,1421 38 38 -42 -46,1420 42 33 -42 -51,1419 42 23 -40 -49,1418 50 15 -42 -43
205;1;468;1508 20 10 60 48,1507 30 11 45 42,1506 28 15 44 41,1505 28 18 48 40,1504 32 17 44 42,1503 40 19 46 45,1502 42 20 53 46,1501 51 25 39 36,1500 56 23 41 38
205;1;468;1507 123 43 52 36,1506 115 37 43 38,1505 107 31 45 43,1504 104 27 43 42,1503 97 26 49 40,1502 89 26 41 41,1501 85 22 44 45,1500 123 61 -39 -40
205;1;468;1499 61 16 57 45,1498 66 12 51 47,1497 66 6 55 50,1496 68 4 47 49,1495 59 0 57 45
205;1;468;1494 125 60 -40 -29,1493 112 19 -32 38
205;1;468;1494 101 43 -47 -49,1493 76 39 -42 -45
205;1;468;1492 48 102 -49 -59,1491 60 65 -50 -49,1490 71 56 -47 -49
205;1;470;1530 139 53 -56 -53,1529 136 49 -56 -52,1528 135 48 -60 -53,1527 131 47 -61 -51,1526 125 45 -55 -55,1525 123 42 -59 -56
205;1;487;1572 40 69 -41 -40,1571 91 110 46 46,1570 63 113 51 47,1569 54 113 42 42,1568 34 115 51 38,1567 32 112 43 42,1566 28 112 42 39,1565 26 105 40 48
205;1;487;1569 32 125 -43 41,1568 37 111 -44 49,1567 32 107 -38 47,1566 32 107 -33 39,1565 37 106 -37 41
205;1;487;1564 3 102 61 48,1563 7 100 54 48,1562 10 100 47 45,1561 10 99 49 48,1560 6 90 53 53,1559 4 93 55 46,1558 57 136 -55 -42
205;1;487;1557 54 138 -61 -65,1556 53 145 -52 -61,1555 64 91 -71 61,1554 62 94 -62 67,1553 68 102 -66 59,1552 69 107 -65 57,1551 73 111 -66 55,1550 76 113 -63 56,1549 78 113 -63 62,1548 80 115 -61 64,1547 86 116 -67 63,1546 90 116 -81 77
205;1;487;1562 28 57 -56 -53,1561 31 80 -54 -60,1560 35 90 -49 -54,1559 34 104 -46 -55,1558 39 60 -50 52
205;1;516;1642 64 122 -73 -82,1641 85 85 64 63,1640 48 103 71 56,1639 34 99 71 60,1638 32 94 62 63,1637 31 92 65 61
205;1;516;1636 95 144 -53 -41,1635 94 144 -48 -41,1634 99 141 -50 -40,1633 97 143 -44 -43,1632 99 144 -44 -45,1631 101 147 -44 -49,1630 106 145 -52 -48,1629 107 145 -49 -45,1628 117 96 -73 55
205;1;516;1642 69 136 62 61,1641 114 39 66 -63
205;1;516;1636 28 87 47 36,1635 27 74 40 43,1634 26 65 43 49,1633 26 57 49 51,1632 28 44 52 59,1631 23 30 68 67,1630 28 26 59 58,1629 30 26 54 58,1628 21 30 65 56
205;1;531;1701 71 60 42 41,1700 72 71 42 42,1699 78 76 42 42,1698 80 82 40 41,1697 86 89 36 37,1696 87 91 38 37,1695 88 92 41 40,1694 35 27 40 37,1693 42 25 37 38,1692 46 22 40 40,1691 49 20 42 41,1690 53 21 43 38,1689 58 21 39 35,1688 58 18 43 41,1687 55 20 42 38,1686 46 24 40 40,1685 94 82 41 41,1684 101 62 40 40,1683 100 52 42 44,1682 103 53 41 41,1681 101 47 44 42
205;1;531;1695 131 31 -50 -43,1694 23 118 38 40,1693 13 105 42 45,1692 5 93 47 46,1691 0 82 42 44,1690 42 117 -48 -44,1689 38 109 -44 -42,1688 40 112 -48 -48,1687 37 116 -42 -44,1686 45 137 -45 -46,1685 130 42 -47 -44,1684 95 37 -46 -45,1683 84 42 -44 -44,1682 87 49 -48 -43,1681 47 12 46 44
205;1;534;1733 72 33 33 36,1732 83 42 36 35,1731 89 50 33 32,1730 92 55 33 33,1729 96 59 36 39,1728 96 61 38 42,1727 95 61 42 42,1726 97 60 42 47,1725 100 64 37 39,1724 97 63 42 41,1723 98 63 42 41,1722 100 62 40 40,1721 98 63 43 40,1720 98 62 41 41,1719 98 59 41 40,1718 99 58 40 41,1717 99 55 38 42,1716 96 52 43 45,1715 99 49 40 43,1714 94 44 47 47,1713 91 41 44 41
205;1;534;1715 140 29 42 40,1714 132 24 49 47,1713 125 23 51 46
205;1;535;1742 44 109 -44 -44,1741 24 94 39 42,1740 15 48 45 42,1739 21 60 41 43,1738 50 104 -42 -35,1737 116 140 -42 -34,1736 71 12 42 43,1735 125 57 -42 -40
205;1;540;1791 38 54 34 32,1790 42 46 32 34,1789 35 42 38 35,1788 32 40 35 32,1787 63 69 -35 -35,1786 62 65 -40 -37,1785 60 68 -40 -41,1784 60 65 -43 -41,1783 56 65 -35 -40,1782 56 69 -40 -48,1781 56 64 -42 -48,1780 57 59 -43 -41,1779 53 60 -43 -43,1778 50 59 -44 -42,1777 46 59 -44 -42,1776 42 69 -47 -53,1775 46 82 -53 -71,1774 59 94 -61 -72
205;1;550;1873 120 58 46 45,1872 115 54 42 42,1871 105 50 47 41,1870 100 47 45 37,1869 96 41 41 39,1868 94 39 36 35,1867 86 32 41 38,1866 85 30 38 37,1865 83 24 39 42,1864 84 26 40 36
205;1;550;1863 123 63 -30 -29,1862 96 36 33 35,1861 100 43 28 28,1860 105 44 31 34,1859 99 53 31 32,1858 100 56 25 35,1857 99 62 23 36
205;1;550;1863 78 16 36 34,1862 72 5 41 39,1861 74 0 31 34,1860 105 26 -36 -38
205;1;551;1897 99 99 49 51,1896 102 92 48 54,1895 104 94 49 48,1894 103 90 53 53,1893 104 93 55 50,1892 108 98 47 46,1891 106 99 50 49,1890 111 104 44 45,1889 156 150 -44 -43
205;1;551;1897 47 156 -47 -33,1896 61 121 -47 50,1895 69 120 -40 44,1894 40 120 43 45,1893 51 121 42 43,1892 56 121 50 42,1891 69 123 48 38,1890 77 118 52 43,1889 87 122 47 37
205;1;551;1888 96 107 62 52,1887 102 109 58 54,1886 105 114 56 55,1885 105 118 59 58,1884 104 122 61 55,1883 105 125 56 57,1882 104 133 56 52,1881 101 132 58 61,1880 93 138 61 50
205;1;579;1939 63 9 43 46,1938 54 24 45 48,1937 50 25 59 52,1936 27 35 71 59,1935 80 47 -51 53,1934 75 55 -49 49,1933 73 59 -48 51,1932 69 112 -44 -50,1931 71 113 -45 -44,1930 26 75 47 44,1929 26 75 46 48,1928 26 83 42 40
205;1;579;1937 51 131 59 39,1936 35 124 56 42,1935 30 123 45 38,1934 26 123 48 37,1933 75 157 -52 -37,1932 75 158 -52 -39,1931 76 158 -53 -41,1930 73 156 -47 -37,1929 71 156 -46 -44,1928 64 151 -42 -44
205;1;579;1927 69 95 -57 55,1926 72 92 -69 61,1925 59 101 -56 55,1924 54 106 -76 65,1923 36 117 -78 70
205;1;574;1921 115 47 44 44,1920 115 41 45 50,1919 111 37 48 52,1918 111 32 48 54,1917 158 31 -46 50,1916 156 28 -47 53,1915 154 25 -49 50,1914 150 14 -49 58,1913 146 6 -56 57
205;1;606;2044 27 76 65 58,2043 31 85 54 56,2042 34 85 58 65,2041 32 87 66 70,2040 38 99 76 78
205;1;606;2035 87 26 47 59,2034 93 33 46 66,2033 93 39 47 78,2032 138 127 -53 -67,2031 128 140 -54 -56
205;1;606;2036 35 85 54 52
205;1;606;2036 63 118 58 46
204;1;1028;125 35 68 36 39,124 35 68 44 42,123 38 74 42 40,122 33 73 52 52,121 39 78 46 45,120 42 80 42 42,119 39 78 41 40,118 40 78 38 40,117 22 58 61 65,116 6 51 61 60,115 42 97 -59 -52
