202 1 93 2883 29.5265477832524
202 1 93 2882 35.211581526296605
202 14 5 542 2.2215944735006667
203 1 537 2238 2.8897613773225843
203 1 674 3011 5.958832491982045
203 2 31 4827 16.09395385310906
203 2 31 4819 3.1329551915036933
203 3 194 6346 3.316932454146715
203 9 25 9788 2.5407352820484914
203 15 5 694 2.6727167126678104
204 1 276 3483 8.083398290030583
204 1 276 3482 4.622585855025683
204 1 276 3481 4.648963916437908
204 1 332 3727 4.157078157886766
204 1 332 3726 2.4973844430903203
204 1 904 5266 2.238321475740893
204 1 977 5496 3.476452339671525
204 1 995 5663 2.805549495108538
204 2 314 6612 10.573477520151991
204 2 314 6607 2507.6815083302295
204 2 314 6606 4.473333490704568
204 2 314 6605 4.741786401053949
204 2 536 7215 2.1478842008649295
204 2 657 7607 2.0078510357627555
204 2 686 7749 3.726464356554192
204 2 708 8011 3.3132650969841717
204 2 750 8352 2.859865702626298
204 2 821 8935 828.7234458938646
204 4 198 12150 4.193386613728418
204 4 198 12151 4.907751284834833
204 4 335 12658 3.2893707366406786
205 1 23 790 695.9833518410296
205 1 452 1423 4.81065522813975
205 1 534 1730 3.2547606626602796
204 1 1028 116 2.557703696528368
204 1 1028 115 3.9544712735494723
