308.6085 316.69547 221.54881
257.2957 139.7357 264.1183
263.56583 331.38223 130.16187
299.5634 137.8757 290.66934
269.9291 118.87016 223.9038
384.74246 142.62958 316.41296
299.35175 185.02455 210.52399
275.71606 319.37164 119.529526
245.68227 156.30081 212.25928
320.54376 354.22528 296.3334
316.46918 186.8583 321.77942
291.00824 130.44409 264.26102
243.2824 153.50136 212.72342
309.07822 352.1327 140.21857
307.07678 351.12674 146.187
269.23315 353.93204 263.32047
327.19208 168.77377 309.3662
300.82312 154.3519 182.81813
298.75818 160.39975 245.69357
269.00162 128.12343 230.48349
264.71207 366.37787 248.92218
271.1922 332.4186 137.54591
246.25156 334.8818 155.70209
236.12416 111.26201 295.58572
307.13086 189.94786 317.40262
298.33286 323.28568 180.59088
250.92567 197.27167 252.29344
287.5441 163.93335 284.4986
312.74063 186.68613 315.72168
295.95074 355.52417 257.42603
366.61108 168.62039 162.77855
318.868 179.0725 259.49945
288.92673 376.76562 285.2261
259.6518 167.31694 90.6174
248.18228 122.54707 244.37263
289.86966 126.73096 296.73096
266.8596 388.91595 282.71457
228.0095 128.63838 277.38965
263.34863 309.7267 102.39399
301.09232 201.64998 262.63092
213.93391 346.00555 211.16556
288.9767 323.68994 255.52966
273.72134 113.75845 294.29147
296.34055 152.76341 203.27937
265.39868 149.7634 241.61674
272.38116 142.68738 262.32394
314.14008 167.41447 211.244
291.20984 155.80728 239.65651
302.75333 316.063 305.37613
230.24815 379.57104 266.07315
284.03195 337.49652 191.87248
265.8694 350.17203 258.98807
271.42493 99.22618 300.35046
268.2063 316.7189 131.72089
310.507 352.8499 136.42921
284.59882 371.19794 281.27054
297.62595 397.7282 309.17737
276.05374 169.58652 105.87679
295.7502 165.03741 245.57594
307.72507 375.47485 282.06287
377.84747 159.82123 301.97665
311.37582 186.00516 254.66852
238.33371 124.512184 287.3053
208.51617 354.5676 147.47264
234.34871 158.77 142.46703
281.95218 172.05615 170.39604
308.59875 373.7876 279.28162
188.60295 338.52197 151.44557
304.5339 185.08423 215.32013
289.83682 152.35757 265.99985
325.04236 360.22958 303.48477
280.74664 157.08076 197.13452
234.72577 160.15222 142.88249
184.94731 163.33498 159.79987
231.04613 373.5801 261.9243
186.47427 338.58795 151.9259
388.0795 195.6299 234.40341
283.1579 173.67592 158.54063
323.7799 355.33133 229.77246
232.62259 155.74364 190.60725
268.27863 137.1268 273.08994
305.4578 337.96613 274.6301
254.56981 188.60626 178.47632
263.58463 332.1652 128.2102
262.20868 309.2897 105.983025
297.0935 136.3833 269.66547
291.00574 325.1597 257.9125
239.61647 138.16745 276.0781
324.87717 322.71573 253.4071
260.08414 167.5201 85.66918
314.1189 166.10394 211.26086
191.33669 162.84013 162.2229
292.19016 325.90845 259.17706
264.79663 376.71564 222.90063
287.44806 154.41992 241.87924
271.6376 157.2704 268.8719
191.69283 159.79877 203.60478
299.45676 153.19073 239.57607
295.48798 354.22595 256.5973
276.00174 120.44757 290.44757
401.07962 173.36597 165.8346
261.18396 309.03055 108.44224
267.98123 156.7699 82.00489
242.1036 209.03342 169.48941
199.51205 162.3427 158.72974
298.35065 134.4083 270.26068
244.44418 139.99753 179.69566
297.37198 202.8497 214.27675
296.28247 199.71494 209.54872
283.30872 346.65988 222.8491
281.38004 117.10928 286.62827
267.2388 130.26158 224.21638
307.53998 185.15063 256.89725
339.6979 342.63412 125.82569
224.10098 193.73962 238.59727
300.5815 315.23804 301.0439
229.57623 151.46802 191.17145
328.3762 169.86067 257.4218
281.91226 174.06163 170.18092
239.26976 338.12036 151.77148
342.02652 340.83408 128.95891
264.03497 358.63986 245.34102
198.77821 327.0006 117.85808
242.94447 93.23081 273.9601
289.36246 196.45636 167.13753
306.5952 368.80295 269.2585
286.44672 373.47156 282.9356
230.5971 211.06958 183.98053
324.27805 367.59232 217.58862
333.35568 340.9946 233.88626
301.8257 179.52765 164.9014
235.04594 161.59035 131.28133
277.7097 169.759 104.45811
318.17673 178.92918 258.58456
265.7076 355.72736 189.7659
228.2046 105.919136 263.8823
263.24323 363.79456 266.9603
316.70016 170.00616 297.2631
259.4985 308.49066 115.24922
210.75081 349.1562 213.88023
322.5158 369.27182 219.1254
298.56967 180.4137 167.18874
221.96008 373.41113 258.7065
397.38644 174.38846 165.11064
290.68173 149.36662 266.83893
330.39987 134.99802 217.8643
263.68158 158.53575 87.37808
271.88757 101.96936 299.43747
183.64427 156.75713 207.40901
316.26147 374.8467 225.08531
183.70168 163.80731 205.29498
266.8081 137.01746 224.39124
292.02005 173.84262 205.09834
315.99835 210.65735 337.06992
214.66797 190.9474 247.43343
285.93875 376.4662 289.46786
299.56842 324.23663 178.48114
300.5459 311.07785 218.6041
246.36902 140.53375 182.39325
289.0432 182.72798 208.00363
326.84125 185.64621 340.7887
303.96384 349.96808 302.54443
283.8114 112.02912 294.22803
319.8038 353.30762 295.52213
178.76723 339.74863 153.333
363.06558 107.93096 312.308
246.68239 182.4649 240.69922
313.83124 163.52705 211.35568
305.4766 349.813 154.91858
286.0321 106.52066 302.61383
273.45572 112.65449 294.94888
293.38934 319.6521 270.1352
286.94806 182.91585 173.53537
317.05936 157.10803 197.1547
286.24402 356.01263 222.51598
245.57509 208.01677 172.3668
268.79135 355.23746 190.37086
321.45187 168.17142 290.1099
295.782 130.43283 220.40422
238.24872 178.37262 245.90837
309.50986 172.62561 253.9095
310.43478 182.60545 263.4968
283.43365 347.75513 222.48643
322.03882 167.7731 291.11383
308.26926 352.09186 141.39189
245.57022 149.81181 203.71365
310.54163 185.57452 310.8344
269.82944 209.09995 238.80835
321.1683 147.88153 247.65898
197.57938 153.17097 161.22145
363.1083 115.00318 306.46548
225.88838 143.99408 290.08878
202.53416 162.76881 157.40903
328.33023 114.6361 302.7635
363.52798 111.44766 308.4938
260.65787 182.2227 274.01685
289.52795 195.83118 202.52795
230.08238 381.20456 266.70895
248.65836 338.81534 153.24998
315.65723 209.18944 334.33392
372.19806 146.20235 269.80176
246.30559 197.92982 245.79779
305.98947 350.48126 151.21661
294.99323 371.02332 267.82718
312.47507 323.60522 287.52823
338.94867 342.93094 124.81885
334.83017 167.76486 260.2056
279.1947 166.17857 194.14696
378.65152 177.18591 160.77255
312.64056 345.6831 285.2058
296.56204 388.80188 291.30783
302.45422 315.6453 304.3191
313.37817 374.86267 274.83633
324.96176 185.85742 284.5134
282.28314 197.68465 211.44803
268.29257 132.09808 232.41982
176.58484 166.86667 171.15907
263.33362 346.65417 254.84158
305.5707 150.34285 240.57765
395.44537 174.88441 164.77419
307.00775 376.34283 283.80185
226.35498 194.55699 236.30771
310.34106 165.94934 263.29865
267.33542 135.17017 274.5284
199.96104 336.69638 152.01208
363.3949 118.82299 303.96204
412.4093 168.79947 166.91446
244.46884 181.61139 242.15683
308.3034 177.64514 243.37982
172.8569 167.25217 174.23271
328.58966 184.9832 290.20297
258.11188 180.797 276.4103
316.67737 211.98178 339.9992
198.21089 175.16086 215.29297
267.38406 129.04555 224.43086
310.85895 173.05453 254.04706
281.10773 362.3682 214.93315
239.53812 335.56122 151.93845
264.21094 309.51706 100.30008
319.0404 148.50478 247.07336
219.52888 141.50266 210.40208
293.22305 175.72392 246.7919
230.17561 147.9099 283.68723
239.13834 338.31586 151.63858
311.10934 182.43185 214.50931
363.12723 116.13767 305.53687
281.4846 116.612434 287.55212
297.28885 341.18442 292.3063
303.2697 148.44263 181.77234
239.62433 334.67776 152.35036
365.226 171.07858 163.4534
295.9816 129.27937 219.73221
185.91113 158.18364 206.53867
291.80588 175.72565 205.80821
304.75397 336.97055 273.50424
317.68384 184.16805 274.19437
230.03157 382.52493 267.82803
262.5765 159.20639 90.35538
305.32562 181.57173 239.99637
248.29376 179.1339 286.9407
325.53204 185.50711 285.6106
248.97627 179.02704 286.11414
251.71806 185.16304 87.62324
308.17026 150.27905 246.67798
315.96033 324.018 290.83118
291.5599 133.76785 264.80493
237.2878 116.57677 291.36838
298.2261 139.51222 285.92484
282.81158 371.87784 284.32767
278.0371 164.767 107.34334
295.5765 131.71048 221.01642
168.85254 168.25777 177.15717
250.09949 197.00786 250.29166
194.95773 174.27744 216.41985
260.4011 195.87137 174.83302
332.35614 127.16903 294.1959
331.00638 168.45764 315.92178
255.2521 176.40396 105.37727
216.50174 379.6131 263.1376
399.30386 173.87871 165.61385
316.2633 211.27509 338.57825
312.11456 186.49033 314.69562
205.65195 160.11078 128.15324
306.7519 179.67091 164.02014
291.54678 199.6452 254.69781
239.61082 136.88591 276.98798
285.79626 175.23186 251.57123
291.63293 165.3267 282.8071
296.2169 321.34482 184.3778
311.40994 201.31699 208.50006
344.57358 158.837 272.49628
252.2182 143.06184 254.4048
271.46878 167.63759 113.270325
256.40195 188.46336 166.58284
302.3649 151.26035 182.30455
179.77576 162.45992 207.3077
305.54465 181.63469 239.97195
241.50954 181.51122 183.55977
282.2816 114.85853 290.5253
313.71225 173.96495 212.69817
291.98502 380.30286 287.9189
279.77036 163.50539 195.16075
267.7209 391.21667 284.05695
301.50327 178.16278 155.50975
268.23035 125.26445 224.6325
234.41554 158.10678 120.35615
251.22658 143.47716 253.15096
283.24496 174.86859 159.23555
391.19968 195.79077 239.72472
309.2707 352.30603 138.99522
272.08194 334.1555 136.33907
278.61493 170.23524 103.20082
319.38214 371.56998 222.75279
203.54063 175.27979 213.0944
259.68674 167.40936 88.38644
239.91504 139.35355 274.7904
304.08792 349.08887 164.48344
253.54903 184.0407 163.86154
391.3402 176.42218 164.01088
288.7518 197.65018 168.18245
307.70358 351.9006 144.3956
282.56915 170.65921 156.27621
329.09964 184.89005 290.94492
339.9611 343.08966 237.38043
266.52893 144.0337 238.91469
326.6873 362.15607 305.395
314.03552 184.74722 255.25114
251.94662 129.33276 244.5164
294.73645 170.49487 245.74503
264.3423 361.35165 246.48483
318.30954 351.74698 293.69897
329.2766 362.63962 212.1976
259.46136 198.54015 272.6703
260.7296 167.43077 81.90708
320.7371 168.51848 289.05173
312.89487 179.0595 214.64902
263.31067 158.91736 89.16144
346.88113 347.35376 243.35515
330.09146 133.98462 218.11864
298.25153 125.58281 217.12547
240.26779 179.56335 244.93945
321.5169 169.74298 221.79106
227.49057 194.58621 235.35834
286.56467 187.2766 209.39009
304.3676 339.98453 247.68887
298.27408 139.25145 287.2284
264.47015 359.97687 245.96222
217.9244 383.73016 260.47983
320.79288 185.45274 278.45697
319.24554 171.4741 255.7585
227.6667 211.7292 184.56854
284.23846 149.99976 172.19994
298.58096 315.12735 297.0019
304.6173 172.12686 252.95226
381.79596 147.67645 313.3192
256.31027 198.59344 264.8612
332.07727 360.06226 209.61559
287.33197 185.82446 208.92728
231.16571 328.96 197.57855
267.30792 127.82881 224.20515
305.34854 349.7676 154.50691
230.29887 384.1388 268.95978
176.53625 149.92351 207.42659
302.14703 315.41025 303.14404
178.56602 166.23167 169.62434
292.25183 171.75285 204.21223
298.6605 349.58975 164.07445
189.48206 159.21745 204.92195
265.66553 187.20451 268.51117
366.29764 170.01639 162.9067
314.30713 167.98915 300.73715
264.65015 365.20346 248.26158
266.68024 135.19092 224.38943
283.8254 116.0895 284.9986
225.3603 143.4692 291.2123
258.6881 192.63982 170.92094
257.14713 191.35617 177.02983
282.20398 172.14337 97.53674
255.48141 180.09834 97.31386
377.2677 163.23152 297.64896
265.31256 148.02979 127.993164
245.8837 200.87767 250.55827
244.92165 138.64375 179.10498
267.57156 157.07005 82.64691
318.69153 169.65784 299.41116
186.44232 163.93343 164.86853
241.60788 177.18245 158.78319
239.8475 208.44781 181.9579
249.37895 178.76285 285.86237
267.19595 338.29547 118.477844
363.33017 106.99788 313.37234
295.52423 142.42781 280.73428
308.39694 184.54398 258.71896
293.241 348.84976 253.50873
348.06644 348.11993 244.72173
222.77075 141.41072 293.8599
295.12204 352.72397 255.94861
257.31973 198.58087 266.4704
327.978 172.84718 257.73105
285.83688 372.3702 281.891
307.24356 176.32828 160.37442
325.34293 366.62573 217.0163
256.52667 307.68906 122.41412
338.61252 342.68613 236.77448
324.13635 162.5964 287.51144
256.27637 356.4914 190.76556
240.42328 152.38094 185.74107
314.86252 376.34103 277.50504
294.55142 382.91595 289.8082
312.27054 146.22206 247.80731
281.2992 199.09483 212.29178
244.91844 147.89235 202.48848
305.26315 349.58682 156.46928
196.39401 360.09662 225.28911
287.31848 374.76917 283.59146
194.3713 337.4901 151.5025
229.85934 388.24265 271.35208
296.4092 322.19202 183.37169
331.11783 123.36822 296.34613
251.51071 128.05634 244.49959
294.12134 139.44875 225.90297
282.67355 313.91483 106.45484
367.37268 177.40115 162.70729
376.81924 176.80435 160.56633
330.31662 134.49942 218.25696
261.27628 151.38715 245.37497
334.66626 341.19208 234.5593
296.60043 200.74088 210.60078
269.89832 172.62335 124.66933
226.8021 144.7516 288.84152
286.18976 199.85387 250.48845
217.99126 120.328735 284.7388
287.38928 102.99382 306.97876
316.85712 373.90622 224.4992
231.35033 132.83836 275.20523
277.13824 331.00925 273.6739
201.4019 357.58548 222.2077
267.30545 132.34488 224.77594
204.63057 163.72003 204.51372
282.82242 198.16652 256.6125
243.47827 181.19803 243.01865
260.57687 167.40991 82.97514
221.89696 144.25954 208.874
297.68225 315.41266 295.50067
269.21292 373.61737 221.52232
327.11688 181.78862 268.17914
227.63054 127.87041 277.8253
262.93402 159.03441 89.614944
196.27905 174.46042 216.3644
291.30466 150.86685 243.67273
363.28674 121.08463 301.49908
228.0337 137.54489 194.72954
287.34274 199.62173 251.67181
227.16003 127.5273 278.00317
321.1773 157.19788 274.68445
202.3946 162.4288 206.00977
233.4863 155.90105 142.42789
290.28885 130.30792 192.18605
284.80124 141.3922 279.58267
212.47336 177.2628 208.52304
267.6857 135.09604 234.23213
257.85583 187.99771 91.84979
269.76437 364.8739 238.65173
316.3689 183.73303 272.83725
329.44635 184.85158 292.3269
377.2445 161.80206 299.02182
303.02463 349.1568 301.3854
244.66281 96.64905 271.5151
285.02518 108.96018 299.69498
255.2797 177.21188 103.1929
393.89383 195.66414 241.68877
180.48085 166.90744 160.72934
308.3031 323.4327 284.4502
215.6011 380.2819 263.63748
264.5575 356.04123 189.90291
323.8867 358.38928 301.337
240.27837 132.6649 280.3018
255.7949 189.93503 177.7848
222.4558 145.21788 208.46875
305.4504 349.77066 155.79065
272.93903 143.92935 262.29932
318.98682 352.55682 294.6234
315.26614 186.5612 319.99298
191.54898 148.5374 162.48557
247.76808 183.00099 239.95747
251.06633 178.82068 283.8462
292.01535 170.2039 203.28893
224.83992 148.57715 206.78827
288.98254 152.77579 242.99254
377.38293 162.01848 299.1005
251.77895 343.91782 152.47343
279.5588 200.75005 244.40477
217.04163 119.62363 285.20203
289.95654 199.39717 253.88916
305.48703 368.014 268.25873
327.87766 168.48651 310.28485
266.79733 355.34717 189.82758
283.64972 165.33232 124.63584
367.60626 120.48281 295.3332
237.95467 122.440605 288.2805
330.413 133.61908 218.11955
266.162 145.81595 239.88441
307.15164 151.21333 246.67921
317.64865 350.92334 292.78397
282.13553 182.7732 176.69696
284.64468 114.55931 286.0244
302.35324 348.2313 300.1642
309.39236 166.99797 262.34573
299.01373 138.4144 289.58206
238.12912 123.48601 287.74405
336.61356 341.91754 235.75407
380.26074 152.39906 308.4453
294.2318 154.63937 239.5376
385.39285 141.76836 317.29016
320.24176 169.08426 301.21902
315.09567 207.49146 332.15414
280.7195 171.49359 100.12049
298.7706 349.43613 164.9432
306.64243 185.09366 304.9414
276.0145 120.11973 290.48154
351.8817 178.07642 257.63733
308.4879 352.04053 140.76195
290.17502 195.45497 201.17503
328.4929 168.52032 311.44205
282.69604 332.73413 192.18816
298.9202 144.04237 278.21176
313.527 162.27951 211.29291
282.49133 177.4056 168.98074
283.4609 152.22516 172.10907
232.79356 156.77313 191.07826
305.17838 314.6351 220.51076
311.23816 182.94016 264.04706
295.4405 166.94173 245.76901
318.65842 372.14 223.58482
291.53217 182.06438 170.59128
208.27026 133.40034 218.17413
288.4159 164.56902 282.8555
223.59253 146.96855 207.45529
201.06477 155.48027 160.26982
320.66235 170.92386 255.71896
251.88626 192.37318 286.34204
269.05212 394.68454 286.0869
334.50827 133.871 291.03934
278.41904 329.0865 268.68106
280.84442 158.74129 196.75851
319.88397 325.50037 295.32016
281.7926 137.64459 225.45358
283.0748 116.87379 284.56088
324.1902 185.96748 334.64984
294.28223 181.78584 169.00638
293.76382 163.97878 289.17035
275.978 126.35322 272.1014
320.53073 319.22528 249.24399
247.53032 336.80722 154.2057
294.22562 157.89124 201.28125
268.46805 361.3388 238.15535
194.17879 162.81903 160.36131
314.04126 143.75919 248.2167
343.45187 340.6262 133.71324
249.31723 339.17273 153.29974
285.91858 182.96452 174.00966
246.99289 207.86485 174.44061
284.2716 313.33487 104.0171
239.86334 171.03874 241.76991
290.48663 378.76352 286.5703
292.20172 164.91464 284.50122
297.19305 390.9498 292.25757
259.624 181.88043 274.87466
255.54543 187.22649 166.16646
261.59778 301.01898 123.30545
185.06198 163.35138 205.22205
249.05487 196.11505 245.63446
262.17978 156.80354 91.33461
292.7036 163.17662 201.02242
178.26744 151.24837 207.65909
250.85443 126.94704 244.42113
265.4211 383.21188 279.18335
363.20535 113.73471 307.1341
363.7803 123.92456 299.55792
285.25122 162.70381 288.7984
182.59622 339.62402 152.9748
193.67964 174.29509 217.4373
255.54346 179.14505 98.89168
266.73282 153.4283 273.75034
266.75238 133.85176 275.23633
318.1494 321.61374 220.31331
291.47757 346.12405 252.0823
314.25525 375.52692 276.18317
313.43396 168.47107 298.54352
199.71107 327.64545 119.617
298.47522 349.69296 163.12268
317.50577 161.65697 271.05334
293.544 142.7159 228.62454
256.70163 301.44257 122.65856
240.79497 89.269424 278.03012
294.57367 157.04524 201.68484
259.39545 166.85474 91.75186
313.3318 163.96375 266.60962
345.53384 339.80313 138.02814
312.31824 173.05489 253.96855
348.44086 171.34354 265.18027
266.4462 145.98753 126.597725
310.5174 354.44336 309.4985
267.9346 134.65282 234.16196
269.0412 296.51166 115.162895
284.87363 142.27586 278.87622
269.38724 354.89648 190.06392
271.07874 138.744 120.40526
239.04681 86.29642 281.03354
249.95145 196.6818 249.35803
329.11276 172.07727 258.22504
233.67773 157.41092 142.1754
296.77274 322.32178 183.03064
294.9956 156.14014 201.78842
286.5269 323.18182 253.21533
320.688 161.04999 274.84808
266.7789 139.27928 224.63765
300.5757 179.81648 165.58612
282.10504 371.03677 283.15625
203.16006 157.40742 159.2173
396.84366 196.05528 245.11903
307.14713 375.8967 283.17926
299.93033 181.01096 157.17331
233.12172 157.37752 191.23973
245.72641 181.99162 239.85304
251.72414 197.92601 255.76846
282.2847 159.07292 290.57596
253.86401 184.0139 88.34862
256.87073 180.4071 277.4511
338.12958 343.07834 123.865685
292.87164 156.75024 200.32753
279.7933 163.79181 106.0863
269.4788 139.26387 271.46698
326.10803 360.93896 304.48334
315.77585 157.85963 197.10675
315.33917 183.38072 271.26498
313.25366 175.15036 212.96375
363.04724 107.42934 312.86603
280.09366 161.95096 195.4397
327.10202 170.3503 257.34256
305.76657 153.49129 246.5511
329.39697 168.47932 312.44754
268.03052 136.41768 273.6173
214.51942 171.26903 213.0934
385.41986 195.49982 231.6089
314.1984 168.7629 211.35165
235.43225 108.94622 296.7945
250.60356 370.64774 228.41156
233.35242 157.66043 191.3315
195.57162 337.5507 151.36499
245.02403 117.140465 243.23045
343.6592 344.3562 239.36482
265.9952 147.27283 240.62753
267.83487 355.1066 190.06967
227.65839 148.39668 144.39514
314.9805 357.40994 314.26828
197.46227 323.31326 107.79869
311.52115 147.5793 247.45175
317.04022 320.93063 220.46451
293.07495 154.85385 199.89027
216.50159 132.61731 212.1497
284.47006 110.371574 296.6177
302.27063 187.0841 249.5384
299.85507 315.23944 299.82944
290.03723 156.2757 239.12697
245.77388 199.35095 248.26755
283.9659 182.74864 175.25482
301.42725 347.27017 299.25317
315.8303 176.48761 255.61191
302.9401 169.70761 256.2804
308.2931 351.75494 142.0689
263.0522 159.1656 88.81449
294.87823 140.81038 268.85648
224.48198 124.47331 279.78616
282.61957 166.08028 124.56227
242.48865 151.96408 212.73709
174.94038 166.99557 172.434
261.91565 342.06232 250.6915
316.76474 378.5298 280.7953
274.43555 369.36172 220.02263
258.4649 308.27405 118.04743
304.30948 348.92746 163.88351
232.88634 154.48134 142.88213
240.38676 181.03195 184.28789
246.19987 119.33077 243.59544
277.26422 363.09473 274.3833
264.3456 184.66238 270.79404
267.35532 316.80948 132.79831
264.72534 157.87296 86.20402
317.00452 148.80055 246.28731
316.30453 323.6745 223.81696
271.1895 402.64276 291.6849
316.65985 171.88992 254.50217
268.5879 123.158 224.23734
268.25647 154.9701 272.4804
368.8108 112.84253 296.50775
299.95074 184.7815 210.86636
304.83252 349.62863 157.9557
263.23483 309.47058 103.654015
270.11203 216.01239 133.23466
192.79205 149.70877 162.30556
223.00359 143.57904 189.4353
258.5309 169.75487 115.03632
257.16953 300.8838 121.17144
387.07004 195.53384 233.46655
295.371 139.55058 269.13986
286.39206 377.34805 290.50885
307.99557 189.65283 315.23788
368.1765 110.925354 296.5943
307.9081 340.68753 278.18936
190.4123 147.69127 162.80019
259.22714 166.36412 104.35307
274.2988 115.99433 293.12234
255.4716 141.62782 260.43164
198.7781 153.61383 161.01501
299.19382 200.64856 260.72577
320.69705 171.14775 221.59628
295.65906 138.5424 269.20377
312.09314 373.59534 274.26483
241.50961 89.93292 276.76965
268.70377 297.20435 116.1408
288.681 199.43028 252.7415
298.0846 205.30951 221.18729
277.3394 168.80391 123.989204
267.39023 127.14249 224.41037
314.06378 347.37686 287.44296
302.31396 142.02206 207.02522
298.33 309.9249 216.29298
274.31937 117.168846 292.523
200.41911 162.45834 158.04446
309.0596 372.4624 276.0556
307.44452 167.95424 260.05432
315.15335 148.9228 245.0765
269.69415 125.75122 231.2525
242.50668 180.69727 243.83968
313.28894 346.5799 286.33218
280.33984 119.52999 283.09067
279.1949 141.12115 225.88977
330.80695 133.27051 217.72751
256.83713 140.21031 263.24265
266.68607 135.97636 224.26689
308.94174 360.5154 173.74594
368.15552 109.074356 296.74335
335.18558 135.07826 290.25443
263.89578 158.9442 88.270744
254.58694 307.8895 127.540146
264.94284 376.9902 275.2831
264.7763 363.95993 247.64693
272.01193 141.26729 262.2404
253.26619 187.43405 178.83464
272.0352 317.03464 124.6891
239.44333 336.854 149.10204
291.76843 137.04143 265.59134
221.9429 142.34178 189.43422
303.00275 354.8962 180.81836
184.76648 157.64099 206.99257
271.10962 316.93292 126.60911
288.05917 184.2076 208.5982
313.93323 182.3521 269.83206
305.94904 170.37854 150.82788
328.7122 115.60031 301.99844
313.4825 186.79509 316.82083
259.68573 167.61324 89.52313
292.71457 161.11241 200.42589
283.09372 154.36015 171.30293
258.51416 198.64096 269.82147
331.9809 126.03704 295.22913
279.75494 366.93146 278.02908
285.28784 159.40535 103.889854
316.20438 349.51086 290.76117
280.2599 139.82373 225.8045
229.85533 130.95949 276.17218
289.6792 195.52188 202.81384
307.31635 358.88223 175.80655
282.3751 159.33643 290.0738
295.77036 348.26505 153.71068
199.28163 336.91867 151.98605
265.50375 201.99518 242.0587
334.52002 336.5243 238.61249
221.15382 192.89246 240.97693
199.18205 327.3171 119.03983
292.6123 347.47275 252.82762
293.08102 163.8009 288.50116
186.94086 158.33488 205.98764
302.29993 170.20125 255.01123
291.64352 135.60228 265.0549
291.94757 137.12955 265.64404
286.95413 378.09552 291.5361
402.69785 172.65143 165.86423
290.75812 343.17545 249.72583
254.29507 378.6755 222.4702
306.50522 152.50624 246.70456
269.00064 129.17116 230.76799
290.44867 163.4923 198.48033
295.56924 339.11035 289.93158
311.80322 160.37505 196.59601
291.39645 344.8338 250.9324
322.94284 167.12563 292.9401
312.582 196.45198 308.9141
272.41522 106.79682 297.43375
249.76675 196.3472 248.36742
303.1612 140.928 207.55717
275.17535 360.048 270.87125
296.3361 128.29419 218.99663
217.51117 384.30386 260.57648
274.94757 318.80774 120.32966
255.66269 181.56174 94.93155
227.63028 151.26843 205.82831
266.23624 151.86342 226.29071
226.35176 126.43372 278.67148
304.40723 177.69069 162.13478
291.21973 161.99431 199.20247
288.70825 166.08052 196.70265
310.34906 148.48041 247.22256
294.3741 166.62611 187.46011
273.68402 358.07962 269.10306
241.74352 309.6559 79.35879
220.12398 142.53741 209.77286
288.36404 101.717926 309.42563
280.3928 368.13242 279.26242
333.60526 131.10567 292.11237
258.37515 193.17047 176.82352
278.4741 137.70862 229.33774
269.44904 141.10023 122.08796
324.05624 180.77959 265.48596
262.03622 354.59302 260.93735
377.31686 161.73688 299.41138
299.29608 180.1806 166.26674
278.84937 122.35709 278.866
300.23557 201.12941 261.62164
298.83344 349.61893 165.6611
310.7819 352.2814 132.85292
225.47849 125.30979 279.0306
236.41968 112.322136 294.77835
298.8938 185.16862 210.19826
300.72025 144.78058 206.15224
239.34682 135.67726 277.948
309.4637 341.83002 279.88794
351.69604 350.55817 248.21097
298.6091 323.598 179.82216
369.48553 176.88257 162.1259
300.54608 149.76048 270.62497
301.21213 142.71048 280.99307
285.74722 209.29361 149.16455
255.37595 177.70435 101.9167
324.2831 185.71414 283.31323
319.52817 186.03896 327.4027
294.663 143.99707 281.4222
281.70087 200.63808 246.40013
297.02567 309.3072 215.24289
293.7214 141.85056 227.53989
270.9569 141.65169 124.911606
229.13138 211.38596 184.31459
261.9047 309.01315 107.27791
278.54544 164.65128 106.72762
252.98944 379.21713 222.31145
295.42227 387.13318 290.7909
283.40417 328.32272 271.8374
270.16214 139.84995 121.21314
367.18317 166.18742 162.57123
241.99623 147.53395 183.77063
309.96106 179.56361 162.63445
377.43057 161.25023 299.9238
305.56314 171.11694 151.20238
327.29596 364.17795 213.86092
307.2914 351.64236 145.24567
276.13477 165.84203 108.78702
335.55542 341.69623 235.219
288.72107 165.17352 196.99149
251.28926 184.93011 179.79898
293.474 326.77332 260.36096
307.84796 351.92267 143.55167
227.34074 104.339645 264.88397
178.11908 168.2953 161.09418
285.80676 355.01987 222.46646
269.38895 142.9398 124.9906
314.59598 158.68687 196.85077
261.33563 147.29852 121.51614
281.57266 155.65659 197.51503
259.30273 166.8315 106.413795
315.98495 210.1125 335.43402
232.74788 147.325 140.75922
239.30408 133.28851 280.30377
268.82855 396.09222 286.78708
293.94455 199.72466 257.1319
170.2984 167.7828 176.19516
298.8578 349.50415 166.19067
229.96771 378.15207 265.00607
329.39584 184.73958 291.55795
296.9037 126.512634 217.95395
263.17612 353.99722 243.57874
308.55872 200.61496 212.58427
216.24823 136.75177 189.7702
304.93433 177.59065 162.16858
225.08083 194.1057 237.70961
266.58176 298.5591 117.83991
260.16656 167.48898 84.832825
317.8119 373.1616 224.02414
295.34558 165.19984 186.82022
333.70212 168.57034 259.63104
280.73184 367.11826 212.50061
277.36118 165.22968 107.854225
321.58 369.99857 219.8811
263.67184 149.71039 87.4892
295.7376 164.65004 186.39603
405.7946 171.69685 165.86935
294.75952 135.55287 223.40356
301.01694 346.0905 298.2397
305.05386 171.98946 253.1957
304.10004 316.32697 307.12793
275.1558 168.33769 108.19843
264.51297 333.13327 126.43972
285.873 144.23212 173.20773
284.07944 111.20325 295.48706
304.6374 366.66885 267.464
277.39658 138.73111 228.96127
283.51816 175.78847 160.91345
348.9699 172.56192 263.59622
290.33966 195.25807 166.43651
327.56503 112.70681 304.00415
321.74188 185.78223 279.7404
259.30667 167.69096 108.51608
294.63428 344.745 148.69307
203.92004 159.38612 124.183624
184.4636 339.04886 152.31607
241.75847 149.43742 184.40039
254.45961 179.55089 279.81326
234.21289 105.84629 298.5179
305.86862 184.80614 302.42767
250.99423 184.37776 237.26736
221.65051 140.50961 295.34888
309.15915 178.01985 242.24823
249.95456 183.9985 238.30945
333.78796 184.63164 302.0749
293.79306 145.91866 197.4976
243.8499 177.11154 158.98946
304.1291 169.15854 257.05237
363.4751 106.26588 314.23212
267.4837 130.81334 224.37897
404.26736 172.05862 165.952
285.7826 188.61732 209.85066
228.85579 152.57712 205.34224
259.27997 166.91295 92.523155
283.41397 373.0773 285.25372
204.26424 159.56671 125.48224
337.192 342.0662 235.94739
277.99396 377.3029 218.7974
267.87997 150.05992 226.38635
389.26978 176.86879 163.82457
256.3417 180.20805 277.87454
256.76663 122.03488 122.215645
227.86212 138.42589 194.43805
309.36743 172.43373 253.94603
237.2687 178.09528 246.66261
281.58466 363.97873 214.49796
368.46527 116.52053 295.86328
268.9767 121.01713 224.37643
288.12064 375.88586 284.3596
263.47455 158.90553 88.7638
300.4785 129.81912 272.096
270.58444 156.29053 270.0676
239.80276 153.24219 186.57657
262.7337 300.36972 122.027405
201.80649 175.1613 214.01247
268.71814 316.8591 130.57803
296.91373 162.63335 185.79153
274.9058 166.66646 109.23834
307.20453 187.49023 310.73367
267.96472 136.76944 273.57468
295.46347 198.44653 208.79984
219.68872 121.74582 283.48813
260.07965 195.90536 127.97883
294.56152 351.5476 254.9509
318.2113 324.79437 293.96786
277.75015 319.51462 117.70196
292.8589 318.97913 268.3725
311.79163 186.19807 313.701
291.84427 138.5396 265.87567
323.229 180.23563 264.36954
321.2034 355.0143 297.33194
307.60846 149.58589 240.85681
211.15213 135.29088 215.7077
259.51862 382.74347 226.04887
193.91791 150.42589 161.92445
250.11406 125.88614 244.46935
294.0679 144.16927 196.51636
250.54092 197.37103 252.16124
407.31085 171.37698 165.87297
233.3791 103.77148 299.31244
363.27185 112.54469 307.8013
290.97125 318.93896 264.9753
216.59352 190.61984 245.37598
274.23767 144.32126 226.80232
239.20134 154.59619 187.26799
301.495 315.35574 302.03973
336.13092 344.4697 138.39973
322.32834 167.32448 292.1452
305.30753 322.66577 282.23413
261.00238 381.56845 225.0704
364.1491 172.70638 163.58255
228.73509 143.36511 193.26315
332.87537 340.8417 233.52371
246.16287 203.31477 253.99258
298.6536 147.66582 205.13625
247.83139 207.6146 174.68109
314.71002 175.97357 255.19177
267.14102 134.13359 224.46664
300.6974 181.03409 244.27097
301.3127 186.28593 207.51183
241.0623 149.94997 212.80225
309.67038 352.49945 138.41391
256.44037 140.6719 262.31396
297.79825 398.9871 309.96652
294.47827 385.60803 289.7761
297.84927 180.19255 246.91402
278.8984 121.52701 280.0908
267.90915 143.93846 125.184425
246.34058 155.74309 207.85516
285.0715 183.00781 174.80574
316.6788 183.51466 255.61658
251.39844 192.7119 286.40442
303.6939 169.38481 257.02356
308.25244 374.67975 280.73944
291.3356 132.13655 264.5359
309.05008 358.36765 309.86896
298.47253 161.52518 184.69667
214.58614 134.41386 189.96246
241.1707 150.30022 213.0056
238.56935 125.27718 286.59436
260.0603 302.012 124.760605
201.83968 356.05188 221.07257
288.83646 196.33221 203.83647
292.23602 154.94667 239.88463
236.88951 115.452736 292.14624
286.83337 323.10266 194.57428
316.36053 142.00404 248.61775
183.82034 156.63107 207.38586
269.20084 216.56099 131.51381
283.30862 345.90054 223.29495
317.6239 186.50461 323.8683
215.40903 135.59097 190.02301
313.00043 201.30304 206.59987
296.99835 180.88782 167.639
266.92303 133.83722 224.85204
390.2646 195.65102 238.48189
263.4594 379.07077 223.95926
373.17596 176.79369 161.30505
322.13586 170.4757 255.95113
278.76736 167.75992 124.05142
312.18124 182.55676 265.86423
305.0658 356.40454 178.75304
309.00897 372.92947 277.7504
269.95352 316.53207 128.52403
307.6143 188.39354 312.50342
290.9948 125.59901 297.599
229.23706 153.4284 205.3109
272.37445 140.8221 124.88585
325.77505 365.688 215.88239
186.13582 163.24197 159.74254
287.57257 378.6925 292.5947
162.56819 170.53256 180.9864
320.18295 179.45279 261.39835
262.65247 155.45409 90.58192
337.45117 342.23718 236.06834
177.49057 162.68135 207.60408
347.87222 169.87192 266.56204
179.29974 167.42194 161.04973
239.9799 132.86636 280.32507
217.1625 190.87329 245.01294
305.94864 139.13548 284.55667
268.5682 131.40047 232.11078
260.2199 199.17764 273.66583
236.2176 177.3319 247.23227
307.51846 172.47316 253.35692
291.19815 148.16313 267.15686
187.06639 158.32329 205.9233
208.91637 133.68942 217.51765
185.48492 157.65704 206.89641
263.50534 329.08102 133.02867
235.80608 179.07617 186.39891
293.89603 350.10782 254.34505
183.99467 164.44345 160.08917
206.32484 160.351 129.4068
235.80893 110.05642 296.1699
189.73979 338.45322 151.49452
283.07202 182.57954 176.045
306.71606 341.2081 248.49873
271.65652 100.4441 299.61093
352.7832 179.04048 255.93097
254.84897 182.6244 90.69885
299.7362 143.62523 279.1101
305.15536 349.8944 156.84776
272.92432 145.46367 226.54544
296.34116 163.72322 186.28041
288.56064 166.25113 196.74338
329.43268 117.56107 300.2545
286.71387 207.26062 144.256
182.48447 156.0358 207.75322
329.64737 184.58813 292.73718
270.8136 215.68579 134.67296
304.55933 348.70062 162.18304
284.37878 192.75172 210.53615
263.29306 355.75848 244.12672
326.83383 173.75331 257.68195
255.86084 307.64856 124.00391
263.32526 151.16862 88.24705
200.30984 160.98152 207.21278
308.1439 188.94879 314.3859
262.88116 159.08426 89.76942
296.33463 340.05112 291.20636
196.3415 152.4064 161.39496
215.12816 118.257805 286.26767
242.67294 181.08678 243.64328
271.6922 146.64519 226.41957
330.01538 119.9463 298.92194
260.50388 309.22592 111.08305
257.05872 189.76001 91.11404
305.0485 140.13991 284.07758
286.75543 103.85293 305.49002
258.46912 194.01752 126.343636
277.72705 169.4616 104.30513
157.25285 174.0975 185.01514
271.61462 372.28812 220.95367
286.05585 170.33932 195.60703
410.2356 170.5552 166.37259
268.85928 128.17152 230.1231
317.01688 212.75327 341.4291
302.77844 151.4895 240.09276
296.77908 141.28337 283.2184
322.7738 320.91986 251.30635
269.34842 155.53152 271.2141
314.77475 206.52945 331.3032
297.70706 140.22884 285.0515
382.67624 146.05882 314.2102
314.363 172.23872 254.20737
267.05585 136.16925 224.63417
255.22658 177.59186 102.60019
270.1452 400.15894 289.70276
223.77902 142.40938 292.91443
280.72684 160.4062 196.37363
215.0214 177.24261 207.48297
290.20844 151.9641 243.47894
386.14868 195.53046 232.55795
238.7789 135.59132 279.19296
254.31985 185.12927 164.46115
193.88794 361.30478 226.70493
262.08267 356.98615 189.98073
269.54944 172.81616 124.810425
330.3665 121.167145 298.25473
314.43588 163.5354 267.74448
368.1547 118.54786 295.69247
325.05917 181.03864 266.54526
294.9232 145.57722 279.27286
295.84442 157.00844 266.90454
232.4363 153.01228 142.95142
308.30814 179.2389 163.46548
253.47833 179.40355 281.01596
298.0899 349.63437 162.15115
309.06717 361.12943 172.46468
337.28842 166.17918 260.972
215.06471 129.68242 214.11574
335.41327 184.61436 305.1878
269.20535 363.73663 238.32368
285.15845 162.45816 288.68344
281.07333 365.8711 213.33083
280.8726 138.98058 225.78122
241.48726 180.39539 244.43611
248.22011 338.16202 153.4795
293.0865 153.06274 199.2682
321.2243 186.04109 329.6882
232.85356 145.19287 140.4379
250.35275 368.35892 228.575
188.25381 158.69267 205.37263
326.6989 145.56998 251.63463
296.66467 200.40637 258.94086
278.1121 364.6304 275.51053
198.47598 326.55966 116.11318
231.2762 153.69928 190.4915
262.31274 159.10007 91.2167
349.25748 349.03348 245.93636
283.92117 328.78867 273.8673
291.90714 335.68033 284.26724
303.25955 156.01529 246.16457
229.5616 147.21617 284.95905
336.29596 139.04143 288.0867
272.6554 371.39832 220.78992
371.34015 176.83052 161.70027
297.7926 349.63837 159.93463
299.24744 173.42159 206.1485
277.26614 378.61914 218.9235
295.16516 134.19359 222.72604
308.4127 167.26703 261.10474
314.28036 172.82599 212.42056
297.99368 186.01227 159.3808
275.22357 160.14551 265.01035
322.2804 156.37279 275.5065
265.5097 299.21307 118.77893
288.49155 166.07286 197.14061
340.45447 342.17386 126.84638
293.04688 135.46039 193.64084
380.9601 151.29602 309.56693
300.40146 156.13547 183.16994
262.71808 159.00151 89.87356
198.33191 336.71426 151.99602
282.2515 198.20671 257.1112
377.69067 160.54073 300.87366
160.67738 170.77141 181.69351
384.4289 143.17639 315.956
285.08075 200.10477 249.34207
210.42926 134.6692 216.60242
309.98895 371.39175 272.3799
266.34885 157.6006 84.96849
229.87253 329.8064 198.8743
272.67844 158.21631 267.48495
248.86131 338.22574 153.37244
301.2154 148.48167 271.19427
310.20282 361.68124 311.69235
225.1361 194.47404 236.91164
234.99884 176.62837 248.08624
283.20413 153.28731 171.63618
307.70187 188.12016 311.50443
313.01947 176.40862 213.42041
208.74605 352.67474 148.22536
233.90019 104.80717 299.02884
180.55057 165.6223 168.3091
297.83444 153.68964 239.46146
307.22192 167.10716 151.27351
270.38736 401.28378 290.67618
262.3528 356.3617 262.26083
307.30045 189.83975 316.33258
257.76767 139.58208 265.0372
292.22192 193.0998 164.6723
283.7683 336.7301 192.02618
283.02652 173.35701 158.6707
299.76154 179.86942 165.78485
331.57193 124.72677 295.86432
276.58762 125.32453 273.5939
164.17131 169.76917 180.10023
259.3471 166.6836 105.33608
306.30927 184.68509 303.9065
316.80566 350.19394 291.87915
306.63776 352.88065 305.75702
222.76266 217.15274 183.54701
250.31157 178.80592 284.6993
226.83885 150.68729 205.97665
331.663 340.2574 232.68462
276.61383 140.00903 228.36696
268.59506 137.63278 272.76648
350.28223 175.59874 260.78268
276.87314 165.34366 108.524055
259.63672 167.2836 90.038635
219.89282 138.99385 297.20386
254.76935 186.2358 165.36009
301.85757 153.08585 182.28416
213.63814 126.6192 215.66426
281.09836 171.36212 99.14058
178.79338 162.41766 207.29277
335.9535 166.83574 260.56964
306.43503 350.83734 149.82149
314.98087 142.65854 248.44328
214.92424 381.44122 264.0217
303.35327 316.26038 306.2903
334.14365 341.27634 234.42227
283.3771 313.52124 105.211975
276.59464 122.23666 288.99634
226.6058 147.34879 189.96233
230.92403 132.27382 275.43686
295.08292 168.79784 246.02295
289.5547 377.93854 285.9175
285.56842 375.507 288.39157
300.67194 179.73338 156.14561
245.1414 181.98486 182.24219
385.01447 142.24228 316.8043
317.6775 169.70284 298.26587
176.35432 170.30318 161.44626
295.4646 145.55743 247.48419
268.49774 367.94366 238.46935
299.72156 150.9178 270.30536
325.9627 168.8287 307.79648
301.02585 154.42854 182.74843
305.7108 350.1269 152.78947
291.81683 136.3761 265.4561
320.63947 370.55392 220.70741
315.27408 322.4888 223.40727
309.92297 351.88144 135.57942
296.65848 208.00562 225.29134
324.49875 359.51 302.2156
286.58203 322.60956 194.43434
282.63358 172.44258 157.26703
332.39154 184.43428 297.60556
316.8918 359.35052 316.585
310.22318 342.93436 281.28024
212.11696 136.05182 214.865
310.8551 323.20822 286.1639
248.12161 174.06516 155.78542
279.2796 120.738914 281.11575
281.22076 162.973 105.53892
325.65997 185.61789 338.5566
257.70654 356.10968 190.5022
305.55386 350.11163 154.22157
253.41939 179.10988 281.05536
247.76537 207.76788 174.82343
297.6191 322.93622 181.48424
294.0148 140.70947 226.72977
327.93945 113.672005 303.43027
318.83252 186.50566 326.26154
293.00504 159.14362 199.84225
281.8836 171.89496 97.8623
304.55518 349.13434 161.20459
287.20825 168.7275 195.46846
261.83102 352.8175 259.61743
329.47733 118.85335 299.64032
291.72394 135.35858 264.98245
177.15466 169.45284 161.1102
307.07278 185.22574 306.05136
152.92657 169.67625 220.29318
265.0171 368.9537 249.68555
299.55823 310.3047 217.33952
217.66504 191.10388 244.54013
322.06018 179.9467 263.3047
190.31117 159.2397 204.53157
197.37128 356.74014 151.79884
299.1014 180.08855 166.4313
283.64948 180.4821 164.8213
333.04593 129.71707 292.5709
243.50127 362.29993 236.72223
276.1784 362.1095 272.95724
301.49304 327.37238 175.43562
316.31238 162.27855 270.08826
301.69226 147.03085 271.7476
323.9575 321.81894 252.22357
229.95457 385.9328 269.8041
299.44073 344.10193 296.52573
248.31905 175.31973 156.55122
303.97046 139.81927 207.72134
259.25647 181.56665 275.04376
330.98383 122.20114 297.36176
309.62012 166.16405 262.4662
265.6979 335.9779 121.61926
306.24512 338.7505 275.86807
325.28976 161.59946 288.49014
244.87999 207.01923 180.43198
259.65564 167.46341 88.95471
255.90518 189.97113 177.9505
257.6931 190.5272 168.53047
289.88623 318.35934 263.94922
265.9584 385.3772 280.73526
315.8453 186.49707 320.8207
294.5289 371.69583 268.86108
286.13187 208.96432 147.81279
275.67438 333.6554 279.58603
284.79144 191.4625 210.18066
296.4406 141.68526 282.2929
286.5817 207.7253 145.51233
241.65483 150.6443 184.83997
306.52975 138.44319 285.22116
180.64081 162.38898 206.80305
245.64143 151.89919 205.14899
243.73082 94.13569 273.06775
186.17744 163.67055 204.38878
285.5456 329.55725 276.0914
151.45595 170.06725 221.08876
204.66597 354.9491 219.6337
177.56549 166.56723 170.3388
257.36087 297.63577 115.57309
229.66953 109.52655 261.5591
301.0146 179.64784 165.36717
267.2564 132.44913 224.97731
283.63953 151.11307 171.86906
245.69199 199.92586 249.53859
297.3281 175.14526 206.13426
284.6625 148.89204 172.47978
222.08089 192.82275 240.14925
335.5011 136.4515 289.62155
297.11105 140.7384 284.14023
253.64163 121.78473 129.13876
300.5966 363.17477 264.17026
270.4484 366.09906 238.99333
304.58694 349.82355 158.56993
308.0085 185.83669 205.76758
198.67859 325.87335 114.31111
315.7051 375.28314 225.88916
297.685 135.57271 269.90936
309.48807 183.98611 260.43298
245.98706 153.8555 206.4977
263.96576 367.51874 269.48724
205.3526 175.87164 212.29028
282.49432 136.75952 225.02657
307.47855 186.90952 309.8092
363.3966 119.99433 302.82288
392.67593 195.9334 240.5461
229.74718 146.09282 192.38446
298.61075 153.68962 268.8549
256.88843 302.29758 124.420906
267.6017 298.00134 116.956276
310.9252 185.70091 311.80316
297.7894 361.26105 258.4018
298.27557 180.51881 246.46751
265.81213 385.19592 280.2957
255.32664 178.73633 99.877205
302.97833 149.8146 182.21423
316.1844 358.36523 315.2227
299.27136 314.8313 298.53445
272.7872 357.27255 267.63458
273.87534 144.98047 262.4878
216.9036 134.0781 211.35745
278.1381 122.9797 277.70215
287.1085 323.63556 195.0412
297.81906 126.04704 217.3564
292.36435 170.50568 203.43591
324.86148 185.96802 335.89594
185.43823 338.82083 152.0135
181.5798 339.53073 153.03162
234.41557 154.82133 124.859055
263.27084 344.9101 252.80647
269.07556 398.29062 288.2776
212.89957 347.1578 212.013
294.20102 146.84354 246.30658
296.45944 127.34525 218.37204
255.46976 180.50595 96.51944
228.11981 140.5145 193.4199
305.90884 179.72623 164.43205
389.9557 195.47433 236.74586
310.92792 362.86365 312.9701
230.46306 377.0544 264.05264
230.39244 131.49696 275.93375
268.48828 127.376045 228.6926
255.56227 198.38705 263.08124
265.04565 150.83961 241.87363
320.62555 166.58836 284.97028
258.04544 296.9831 114.499565
294.32715 191.39627 162.60295
266.9398 389.2874 283.00986
411.32767 169.59758 166.74818
292.14856 139.57182 266.17816
342.4876 340.5424 130.43898
327.12817 110.74744 304.96252
246.52849 139.12735 181.97737
221.13133 374.36026 259.67618
319.02756 325.1384 294.8729
292.56845 199.75084 256.08768
303.1276 355.98026 180.21
335.7434 341.4793 235.18599
263.3548 356.6459 189.83908
193.20163 162.54153 160.9651
296.34384 154.3739 239.25525
197.80429 359.6624 224.63467
309.91812 183.73132 261.77295
367.92612 161.34236 162.7051
291.11685 131.74489 192.65196
261.95337 358.46246 263.7485
251.19064 197.597 253.95645
297.97116 200.54144 259.83292
230.81909 374.71127 262.3934
234.81802 159.70107 123.777954
295.63327 369.79645 266.72086
268.34708 360.43082 237.85608
232.3651 327.6161 196.80847
257.02985 299.8705 119.587975
331.27585 168.37482 316.95953
331.2493 361.2428 210.41742
223.12778 193.24716 239.42046
311.433 355.453 310.59665
308.62903 359.69803 174.78209
182.98346 165.28102 160.51732
237.67378 309.4024 89.488266
265.42087 335.07645 123.11084
297.73364 204.73375 219.82303
292.862 147.97047 245.43613
308.22598 172.23117 253.64601
323.02573 147.26843 249.00726
246.7595 197.08034 244.63313
381.5389 193.74303 229.67802
280.3426 200.67297 245.64046
209.8707 350.15753 215.03351
344.61182 345.11853 240.97206
299.2877 132.66216 270.87628
243.07332 207.3087 180.84917
274.8595 118.17331 291.8428
214.0093 127.81179 214.95746
313.506 323.5055 288.80136
269.46017 316.54767 129.57266
281.758 198.07584 257.72357
313.72476 168.23492 299.63602
215.24644 381.0087 263.95224
268.66354 130.55042 231.50792
182.53407 163.29587 205.58342
363.2253 117.49801 304.81256
200.1043 358.21542 222.95525
241.96616 313.71536 117.604805
314.07938 344.63187 153.50336
313.66708 356.6939 313.2157
288.66714 324.83948 191.91682
283.7454 177.77898 162.66502
150.2753 171.48244 221.56943
307.53366 185.22192 256.87717
283.06046 172.86952 158.02832
304.16974 312.3635 223.26965
286.7384 163.40146 286.6125
300.41788 325.72998 177.64319
187.41487 164.23062 203.81816
193.11172 337.49142 151.13565
279.99487 120.18915 282.11163
274.02365 159.07893 266.19418
326.04248 174.745 257.05527
295.90442 328.45334 263.2422
302.86823 169.92075 256.43823
258.6733 308.37405 116.55823
266.28558 387.9913 282.42923
306.99048 163.37231 194.4136
276.44748 319.20377 118.45419
219.38403 192.20471 242.67052
297.1906 202.5425 212.88649
164.05911 166.59613 181.16885
318.79913 183.7767 256.17157
290.28207 182.85715 170.41356
282.2367 359.5639 219.0276
304.3492 140.78802 283.2764
294.57574 197.79395 207.67522
263.6789 309.747 101.27567
363.78613 110.445786 309.19553
232.16537 133.8805 274.71387
251.67638 119.817726 130.37256
283.13474 358.0619 218.3632
291.176 194.89247 200.17598
305.67624 350.28256 153.72179
307.1685 167.8557 259.74597
294.1351 172.14958 246.01366
255.74167 181.8871 93.96146
325.01126 146.50774 250.06915
253.77795 142.72725 257.0727
267.25497 154.36182 273.40176
228.29092 150.21568 190.19112
338.24173 342.52542 236.36461
268.65036 362.4216 238.34724
283.7935 160.58255 104.489944
304.59952 168.85045 257.46912
307.86496 341.38602 249.73856
295.90326 156.0 267.77612
262.685 309.55353 104.76907
317.74634 379.08286 281.53824
294.5807 327.70392 261.7542
175.21165 341.4562 156.29648
371.7508 148.1284 269.42062
297.43414 203.92729 217.01878
294.00534 145.1751 197.10683
384.5622 194.92813 230.90692
298.01566 180.62843 167.2049
255.54607 181.0647 95.76796
257.65112 308.23282 119.44499
218.18222 377.61523 261.9257
323.05374 163.95816 286.6085
264.90405 334.01334 124.63575
291.50653 146.8396 267.3977
249.0482 182.41643 241.14456
215.73624 130.33449 213.40321
367.07858 167.42056 162.68954
306.8397 179.53505 164.23193
315.29184 208.23663 333.3839
254.38216 183.30302 89.58479
263.87296 366.68954 268.65475
300.62073 325.5532 177.17635
315.58096 376.76093 278.9582
313.05905 161.052 211.06097
343.9641 340.1813 135.17558
200.01207 154.79941 160.80193
292.0608 160.52414 199.88388
229.12808 108.127884 262.26044
292.23682 145.43916 267.45917
349.5841 173.90927 262.09378
320.60553 154.89783 198.16002
309.95316 352.57068 137.79152
231.8781 154.85556 190.51527
248.75464 123.69324 244.44766
314.54037 348.01538 288.81573
320.69925 325.50848 295.2501
274.55936 147.06097 262.56393
303.97296 365.93497 266.1954
181.77205 165.92653 160.74915
200.56627 161.76703 132.47952
228.14594 139.3728 194.15393
237.67836 308.64304 87.29412
365.14005 177.95288 163.3397
235.19594 209.74568 183.43182
279.74817 171.20665 101.55784
218.83575 120.9401 283.96426
300.40903 345.1015 297.20682
297.7113 154.804 267.74536
368.52673 114.51621 295.99316
294.49408 138.23712 225.03532
274.18497 146.05127 262.4218
195.15535 162.37003 159.88324
243.55963 181.52345 182.95918
313.14282 159.38475 196.76256
294.67166 338.2943 288.77304
216.11783 118.82118 285.60593
274.34348 359.20526 270.09567
271.19815 172.64774 124.30419
269.12277 398.52844 288.6556
257.03888 308.20483 120.94004
235.00299 107.88536 297.39386
287.67322 323.40604 254.31508
378.78687 156.7239 305.46933
227.38417 148.81036 189.9678
310.84988 318.6287 221.76218
239.24188 180.61455 184.89153
211.1207 131.8793 191.6459
304.42148 348.7751 163.11095
313.17914 145.04263 248.11177
312.7924 197.1522 309.7847
308.0598 374.60434 280.8066
290.05737 181.1072 207.59383
272.6305 171.77444 124.13738
244.58774 154.8846 212.2411
206.88747 176.1818 211.2881
248.15962 178.8343 159.92284
290.30652 318.60178 264.64944
288.67032 182.61755 172.10345
270.61737 316.8322 127.59173
267.0143 134.51352 274.89963
296.17288 181.2445 168.23929
190.21152 164.01453 202.64345
304.28488 150.80083 240.49364
298.7288 139.02565 288.4569
237.68506 120.09087 289.3234
252.40613 184.77136 236.5794
311.84982 323.10464 286.84216
334.37094 184.42743 303.92386
192.32977 162.74722 161.71341
180.63327 339.6617 153.16408
294.46487 136.9426 224.08806
292.11932 149.47806 244.24855
228.7427 330.49628 200.61357
243.28287 362.8313 236.81442
282.78918 200.72131 247.37952
297.8199 349.78226 161.09703
319.98047 185.2615 277.00302
292.60355 182.1514 170.30148
317.40643 178.44873 257.72797
284.83545 165.0564 124.44602
297.32236 350.13745 157.81102
292.20114 170.41522 203.38478
278.43774 375.569 218.90852
240.31044 179.49297 244.71573
295.50778 154.46379 202.67596
345.7933 346.2374 242.09877
317.11945 186.6542 322.72607
253.30135 131.69176 244.3274
292.53278 168.92004 202.76114
296.3417 137.74939 269.4566
305.45496 168.9918 258.4042
345.7974 187.94528 128.9907
318.233 156.4181 197.58072
312.44485 356.16092 311.91794
195.189 151.58934 161.763
291.6657 133.11092 193.01723
263.02612 155.56825 243.64806
299.6159 180.77899 244.99774
259.31342 168.07495 109.89285
293.25397 159.48189 200.71269
229.04483 144.72455 192.5144
378.10464 158.88649 302.89517
212.99113 170.39511 214.01036
199.53894 175.25293 214.51164
264.53436 299.21246 119.73227
301.4557 143.2849 206.57005
287.9018 153.45042 242.26476
292.34427 138.83875 266.0337
229.47478 147.24829 285.1312
269.00214 129.23001 231.00407
283.07748 172.95822 158.14201
197.35309 162.20631 159.34984
305.1031 154.40942 246.37975
309.29813 149.44264 246.89342
298.81384 184.34694 158.77023
309.10257 341.4752 279.42038
293.96643 146.36948 197.462
320.42706 186.1327 328.50735
272.99002 109.13085 296.48172
323.38516 166.82785 293.70572
198.2211 325.49377 112.72572
295.25427 200.1062 258.11664
230.25148 152.74867 190.87123
187.53905 338.55334 151.72891
310.2838 183.44847 262.27502
156.82314 167.44429 217.65483
288.33813 101.41784 310.3275
329.37088 371.92706 309.64792
273.8905 214.6106 140.2423
223.9409 215.58012 184.04974
251.1927 178.96645 283.4415
258.3005 181.04015 276.46893
255.71313 378.40787 222.40858
249.88896 178.82275 284.94647
363.55576 106.62683 313.77148
264.58536 367.5668 249.47896
214.91597 381.40298 264.05508
188.59999 163.56535 164.21594
271.58234 316.7675 125.64596
292.37192 134.66418 192.67229
326.2107 160.9176 289.66788
297.58612 206.06625 222.65482
324.88013 175.46146 256.76395
275.493 119.13649 291.1672
219.29414 380.39456 259.36093
345.11368 187.98753 129.61435
311.39236 185.97656 312.72388
328.86917 371.6569 308.2668
228.62332 149.65324 144.37518
182.52411 165.1189 167.10426
308.6905 166.59195 261.6753
265.28564 382.88406 278.97314
319.6967 179.09305 260.0683
320.41083 169.05821 287.7099
345.56964 160.36508 271.56165
291.61285 318.9355 266.18262
268.06036 393.5851 285.57388
235.52684 162.89565 134.40382
275.44336 127.33862 270.30133
263.33185 330.33868 131.77733
294.60724 142.17982 283.4074
285.1468 374.68463 287.20697
223.14569 146.04646 207.88847
389.17075 195.75609 235.36105
314.6698 186.86327 319.3083
272.43088 105.61763 297.98688
327.82874 364.41138 307.4563
309.34598 184.23917 260.04193
258.3459 191.59244 169.53014
247.23598 179.34686 287.89575
309.96762 201.06567 210.48557
280.8508 365.84903 213.26707
269.2946 172.65195 124.76585
198.83894 160.19775 208.37653
295.8855 348.21844 153.16136
298.7935 180.54567 245.77185
248.03815 179.13057 287.23746
304.53183 349.31912 159.1007
263.4555 152.68486 89.066795
252.47545 183.01216 163.49242
367.83783 162.58473 162.77144
179.73605 339.90814 153.42207
318.23813 171.89119 255.53664
313.3623 197.84225 310.56134
363.07648 108.82694 311.77576
338.97488 342.77228 236.91344
295.24542 181.78828 168.60489
310.2338 185.40376 309.87695
224.36813 147.68234 206.88397
181.60674 165.25143 167.85132
252.43063 178.67343 282.28036
266.89838 136.18991 224.26395
255.35336 176.8125 104.64878
304.36252 155.02469 246.20776
274.02402 114.92587 293.83896
242.34894 92.15924 274.81433
246.8061 120.415306 243.84683
317.39362 324.55118 292.48026
304.13083 187.0288 251.44055
306.66855 168.63861 258.87378
208.66455 176.2832 210.53636
197.21088 174.72736 215.86372
227.01265 194.7911 235.66267
195.1703 360.8873 225.90735
211.71333 348.1394 212.83012
377.16928 162.34378 298.3306
257.18674 189.50368 167.39082
342.90704 340.90952 132.22049
326.67865 151.5276 220.91089
262.41498 158.9742 90.64203
256.8424 377.80185 222.24896
378.0971 158.22128 304.0709
299.20157 152.3124 269.4885
259.95477 381.92868 225.41301
266.96005 157.07129 83.89379
238.23955 208.75288 182.46835
228.77914 194.94173 234.9581
238.86244 154.95325 187.38431
293.5011 181.93845 169.7661
321.81863 165.49083 285.86456
253.84956 308.03818 129.47754
296.5821 308.9424 214.77684
363.75922 109.65781 310.01474
297.3791 180.03201 247.36552
259.87027 308.46677 113.854294
220.77792 141.38927 189.94716
300.81073 184.55458 211.24625
264.5888 362.75867 246.91632
275.77896 169.70953 124.31415
292.0419 160.80376 199.93494
281.25546 365.09772 213.8355
329.84772 168.55724 313.76266
289.79156 151.5636 266.5797
279.33997 164.25958 106.360085
237.7327 308.95425 88.59365
382.64832 177.93065 161.95816
306.60028 168.78523 151.0379
319.493 155.78937 197.88342
305.53836 352.00363 304.73798
246.06934 198.37007 247.21887
296.90146 137.11319 269.48373
245.61507 118.23946 243.3907
350.55374 349.74167 247.07544
272.52377 317.03693 123.75806
315.71643 344.42044 152.10292
326.51974 168.96275 308.5551
295.70895 176.72108 206.62659
320.81076 179.63393 262.08084
174.08484 342.66028 157.19879
249.76042 340.217 153.28618
303.99054 178.19798 163.13826
235.29865 161.57808 142.87811
280.31772 171.37602 101.20902
249.40051 124.80738 244.46153
289.50958 182.55197 171.35039
259.79257 167.50468 87.78876
305.7013 350.16043 153.47879
268.7695 137.77011 272.68942
337.2847 344.0042 139.45454
316.22525 377.48718 280.05402
255.12773 142.00511 259.27884
172.88054 343.24707 157.47672
311.04385 149.57314 242.25471
227.69626 128.0454 277.8739
284.35648 373.83746 286.23557
342.49454 343.34967 238.26425
308.10062 351.72665 142.77567
367.83722 163.85576 162.74408
277.17645 124.38306 274.96643
300.949 152.77248 239.97308
325.47873 185.66782 337.11014
297.04358 187.49821 160.05615
298.12445 323.37527 180.7879
319.93323 370.8962 221.79959
321.40152 320.48044 250.11804
306.74786 351.27493 147.291
265.57755 375.5142 222.58311
307.69684 375.69937 282.5104
297.4828 350.00946 158.88672
330.42007 361.89218 211.4767
261.78958 380.8564 224.56743
297.11795 206.9814 224.02731
241.40453 207.97179 181.2835
290.11832 150.53499 266.76288
262.5733 379.95444 224.22514
311.6868 195.67574 308.1453
291.9919 319.04126 267.44843
293.2072 336.49628 286.47202
307.98547 167.09691 260.52118
257.16647 190.96309 124.222885
307.52844 185.34247 307.098
219.39012 140.06686 189.19057
224.4865 142.88675 291.9292
270.3573 372.8705 221.20308
242.10548 90.91541 275.80133
221.18915 143.33545 209.33583
273.4122 140.0149 124.61861
215.6453 190.45052 246.38545
228.50592 106.85342 262.8413
290.02783 164.09027 198.19347
291.16507 162.22307 198.96335
307.6933 188.78516 313.43054
301.65427 363.87006 264.97897
233.06334 142.795 139.76804
305.47952 340.6154 248.07677
259.3028 167.38037 107.29472
292.336 164.48352 286.59915
302.80737 365.1042 265.49075
218.82002 137.12071 209.75198
236.72462 209.24434 183.03331
205.02443 353.61917 218.20107
332.7553 169.3972 258.73734
155.341 167.74353 218.70872
292.97397 319.60803 269.1675
195.24771 358.38992 152.52914
346.17557 188.31139 128.2811
327.27985 111.6894 304.41702
258.891 168.63321 111.217384
280.20386 167.20647 124.24354
351.0058 176.80452 259.1765
295.21533 142.91826 280.026
198.18628 336.89532 151.79242
294.04105 157.99564 201.11809
277.3483 330.34955 272.03674
260.8462 309.05118 109.753006
283.04675 160.72952 289.9661
254.82681 142.41609 258.00888
319.381 169.5552 300.59097
276.5657 121.19136 289.95056
255.60548 179.91168 278.58218
279.41043 170.77718 102.11237
227.5649 105.01176 264.33612
346.45312 188.53998 127.71698
231.25462 372.81247 261.33936
270.984 402.67337 291.20483
394.906 195.63919 242.90694
283.9046 200.30486 248.33426
176.20331 341.15958 155.90077
292.41132 336.00134 285.42612
296.5115 356.79974 258.15192
220.65288 192.78911 240.95285
178.08183 162.47931 207.54427
294.67038 144.72958 280.32568
279.25723 164.92752 195.35313
281.0934 117.82294 285.89746
304.72818 350.95578 303.67935
304.12537 349.2786 160.29787
241.65903 150.75565 212.90079
249.35544 196.23183 247.10535
381.31223 149.06348 312.12198
249.11612 179.44942 160.77994
311.9128 344.7863 284.0023
297.82166 204.24059 218.37604
383.92886 144.43417 314.86295
239.8042 87.3213 280.2141
368.55774 106.881424 296.4249
250.81633 197.47652 253.08125
292.3802 172.04913 204.34781
237.87065 121.25403 288.74838
259.80453 195.20322 175.74136
323.91544 170.46486 256.61868
202.06705 156.41797 159.61957
346.31836 161.97975 270.56088
339.5147 164.5461 262.0392
367.4414 164.99242 162.6466
283.3044 328.3245 271.8244
275.6269 119.31478 291.3148
313.30002 182.47934 268.06253
228.84296 129.79718 276.6532
217.41852 378.6408 262.66248
236.48721 113.23015 293.74878
273.19626 111.500015 295.47388
384.86273 177.8013 162.74815
154.08205 168.92398 219.37794
308.28812 357.18494 308.72635
320.0881 158.01703 273.81546
296.77292 315.2578 293.9828
307.57687 376.01578 283.3736
315.26266 162.99701 269.04236
196.29007 162.37125 159.67755
297.95016 149.44168 204.65181
281.50964 171.63936 98.40573
291.81592 137.71738 265.80737
311.13788 343.81683 282.78064
353.20154 180.12619 254.0751
259.10074 198.49785 271.29395
224.28563 371.38058 257.9281
266.3959 336.94553 120.408905
381.35684 150.33287 310.7363
305.707 172.09396 253.39229
241.49068 180.14717 244.55579
187.56734 163.82394 164.63055
312.6102 182.85226 266.37833
275.79883 331.7066 276.8553
295.59348 157.0 266.9477
206.16795 352.75873 217.35457
287.7447 182.70624 172.71492
269.35815 149.1616 226.56671
302.31525 353.9321 181.5511
261.20273 198.33017 129.7253
262.4404 159.02818 90.001495
287.877 102.40391 308.43488
284.27658 115.325096 285.50565
363.51138 106.60068 313.93686
255.33008 178.22409 100.84469
268.05255 352.57214 261.95468
266.81235 374.9719 222.0986
257.8677 198.45575 268.232
295.2808 132.94034 221.81966
282.2829 161.96155 104.5683
363.55737 106.22873 314.2415
293.44525 148.38469 197.96921
303.7598 155.59358 246.16075
299.14417 182.13625 158.29239
267.5565 135.91034 274.03714
266.7267 316.61996 134.02109
332.91495 184.61646 300.0806
378.50558 157.24525 304.6984
266.46265 152.89331 274.12015
218.57628 381.70544 259.73865
289.78384 164.94426 197.44084
272.17413 103.34739 299.21753
276.5886 169.10565 105.37178
286.33292 208.30925 146.68542
297.18744 322.53058 182.35628
285.18237 352.28943 222.5609
220.27188 192.38995 241.81145
300.06802 146.38817 205.61212
296.85727 309.01904 214.92685
300.71774 142.9798 279.86832
323.27625 368.3376 218.33455
260.18076 308.7056 112.466
285.55713 353.71136 222.41512
305.37863 357.09665 177.62448
285.31705 145.47913 172.85756
284.82043 109.868195 298.15515
311.048 372.66016 273.18784
247.45581 121.4908 244.14478
265.88992 148.52254 241.315
329.3413 184.76135 291.1051
307.82092 137.33612 286.3525
336.0213 137.72067 288.86926
297.36118 162.56114 185.51128
189.59122 163.16025 163.741
272.91693 110.40112 296.1496
325.65845 185.61644 285.86862
257.0785 119.8762 121.21822
218.34828 135.70778 210.30772
268.0526 133.6725 233.36841
233.54135 210.19743 183.31255
213.62503 137.05629 214.44638
228.55463 129.35204 276.94604
291.23434 379.60925 287.24066
286.59076 105.11908 303.98917
297.79437 392.5729 293.03107
252.09552 186.24345 179.2113
210.35783 176.82411 209.45651
281.84726 115.93422 288.25497
309.75735 359.82217 310.8293
261.17242 148.03815 122.78549
363.5945 106.46547 314.125
310.2223 352.11862 133.8142
319.80597 169.59776 286.42075
272.07175 356.14603 266.0883
332.6838 128.25777 293.01126
254.71526 176.30717 107.35058
307.55707 369.81097 270.2888
273.08942 317.01175 122.855965
281.61252 361.35275 215.90642
188.55147 159.06438 205.34966
299.6975 324.76447 178.23311
202.29982 159.40076 120.743004
230.45892 375.75287 263.187
309.05905 352.17633 139.58919
317.70288 141.41664 248.98198
254.93808 179.59805 279.48984
267.05142 133.95088 224.54901
245.33919 181.65617 240.36998
255.98764 141.28497 261.42178
254.02501 132.92651 244.49669
267.90027 374.1178 221.86969
244.37125 95.29845 272.37863
306.60162 149.96956 240.60065
282.63004 328.1435 270.85327
278.99527 365.73074 276.8029
338.78555 343.06393 140.23128
229.4751 147.29842 284.7015
275.63324 168.78456 106.61809
318.90466 184.62321 275.57184
242.47873 150.52823 184.66876
338.36398 165.29181 261.4736
220.30235 219.47267 183.19324
293.1731 192.23166 163.58424
238.27415 180.02464 185.43915
295.91998 142.09535 281.51364
305.1982 169.01723 258.16058
322.8707 356.5145 299.23172
216.12521 131.40671 212.84135
282.39087 171.19017 156.60963
198.4194 326.26627 115.51287
325.5696 169.01088 307.3118
327.24072 185.00995 288.16608
259.96494 167.59082 87.14944
198.41063 162.5285 158.94806
329.6274 169.077 257.8754
237.51506 117.71594 290.61594
328.21918 363.3938 212.98473
263.66055 357.435 244.50194
265.09747 151.78262 241.93721
245.45448 97.43697 270.3295
239.28752 178.89935 245.2993
240.4769 88.29381 279.28363
305.41278 177.40878 161.58028
255.4436 178.51814 100.41903
314.16367 186.7125 318.07413
181.71419 162.71713 206.57861
364.57205 109.26831 309.22037
313.22156 148.80795 244.0553
255.27693 179.55637 98.09641
198.7735 358.81778 223.64503
300.0594 395.66815 311.79532
291.74747 134.55081 264.80573
298.94177 343.41595 295.1077
250.19438 197.21315 251.2606
265.51312 383.7917 279.54727
284.48273 147.8637 172.79684
270.4169 355.18414 264.7543
312.9499 177.73427 213.94017
344.61127 339.98526 136.66647
284.5151 194.47554 209.98787
251.60434 181.91379 163.07309
198.96846 325.8295 113.76746
254.67664 198.31297 261.34027
293.7568 174.08382 246.9572
272.1919 104.50266 298.60602
179.63086 165.56783 169.08566
340.15085 341.94666 141.02925
174.38083 147.34407 207.23448
323.48605 185.97623 333.39835
275.225 368.22617 219.90344
375.04922 176.56934 160.75046
246.14708 182.94917 181.75264
234.86047 158.22289 127.85589
331.5143 170.37106 258.72885
254.66705 134.37434 244.6669
250.06073 180.32605 161.32074
278.6698 210.70251 150.86485
218.0808 382.79916 260.17426
312.9708 160.01427 211.40672
267.0491 137.89827 224.55072
296.86902 201.64183 211.7398
301.20334 326.43524 176.51982
289.84622 324.39673 256.83292
292.5402 197.78474 206.27998
333.53024 337.28928 237.0291
269.47415 142.52298 124.93781
302.03415 152.18285 240.12407
223.18364 123.95414 280.9394
291.11627 193.99799 165.57297
311.69577 181.30267 214.60674
282.79797 331.17215 192.09526
310.35605 352.74957 137.14934
183.50545 164.8594 166.5226
344.08505 157.86368 273.9995
307.17786 137.76665 285.77548
309.41022 323.6145 285.5027
255.42787 307.65427 125.71579
306.45148 168.62143 258.82672
240.0518 312.97745 111.08138
217.59232 384.42065 260.5909
277.576 210.7226 149.39278
315.28052 375.8709 226.6474
270.55405 401.72372 290.80234
297.4913 309.354 215.4749
284.78226 140.01663 280.11288
303.9986 335.90192 272.46652
278.9109 373.92654 219.1813
267.7498 391.89752 284.76624
253.78278 198.49838 259.58185
299.00992 324.03696 178.85939
223.45276 372.36923 258.42825
295.88617 315.63943 292.12033
252.15323 178.73209 282.35477
321.54956 160.51143 276.14587
296.65506 155.74428 267.66327
318.18286 186.47507 325.06366
209.68079 134.02263 216.98695
329.6121 184.7988 292.5726
264.2739 378.059 223.60645
365.23846 107.69144 309.2215
265.86273 386.82547 281.57098
260.21127 167.58215 83.91299
190.51456 163.13347 163.06706
326.5761 364.72824 215.04294
306.9268 172.43379 253.72415
259.53497 167.01865 91.14722
239.49658 133.71661 279.52765
294.73093 156.46828 201.87206
309.97437 351.99918 134.72398
239.47498 336.76184 148.93977
314.96915 167.64777 301.8804
285.7515 107.69109 301.0223
307.31 191.25677 323.96603
322.8868 160.25621 277.1341
312.3154 180.20601 214.45453
252.48544 130.59027 244.53601
258.75314 169.27185 112.89424
184.33723 164.42073 165.64157
232.01306 334.27878 186.36852
322.00928 355.67368 298.36575
232.0726 210.65489 183.69029
225.79924 194.66168 236.5854
252.66946 198.18121 257.88464
285.75983 209.51938 150.54655
292.6046 177.46677 247.11134
237.45627 118.744736 289.7552
219.14078 191.80042 243.25232
393.3907 175.87271 164.26598
295.96973 348.29736 154.67317
327.24835 185.63947 341.89896
281.16708 365.55728 213.68538
201.42018 162.66273 157.57933
173.90091 167.00423 173.2107
284.84634 142.81705 278.4705
330.34286 168.65056 314.99796
296.79272 144.12239 248.08044
308.9064 370.59576 271.20758
296.89563 180.36531 248.29843
333.9584 132.52292 291.5839
265.86444 178.04099 276.47406
307.28 339.52173 276.94333
283.9722 337.31662 191.68459
234.57634 106.83426 297.92456
408.88684 171.20602 166.0239
315.43408 348.74698 289.79846
261.0101 149.37917 123.817505
292.59027 168.58412 202.4626
340.26282 343.31244 237.49709
238.74286 154.12657 187.11732
207.23013 351.92935 216.33946
248.8133 183.65535 239.19963
321.93707 186.201 330.97855
266.66922 337.74637 119.36631
316.59796 177.48978 256.76837
273.47638 370.27155 220.32814
259.11575 383.69034 226.28328
204.82033 159.8075 126.873116
341.4609 341.5351 127.753235
308.4604 184.80336 258.46982
218.65877 191.63116 243.697
214.61426 128.66853 214.45541
187.17139 162.9801 159.69714
226.30238 149.93678 206.15604
246.1275 98.34251 269.0938
188.8417 164.19304 203.67451
347.2131 163.32341 269.38394
323.3091 357.51315 300.2655
313.94208 164.78822 211.18921
297.14526 203.33469 215.72772
191.95914 337.9342 151.21877
311.37222 165.31128 264.37814
269.05203 138.48857 271.9765
262.8399 362.06317 265.98694
266.9218 135.0694 224.5621
281.42163 166.4572 124.562
269.8784 354.8343 190.1088
224.09319 144.92899 189.7283
266.41736 133.11383 275.65842
218.48343 138.96109 189.5702
240.98293 151.47748 185.14903
183.46637 339.21924 152.45134
262.60977 360.20847 264.84375
299.29648 394.93893 310.7069
303.39548 339.60107 246.70221
327.00507 147.85799 220.7802
270.4118 147.72112 226.50757
292.70306 140.94806 266.39432
327.34518 363.258 306.38486
289.89465 318.46777 264.15436
288.49863 166.16106 196.59158
326.1126 181.3357 267.43457
259.53354 166.87465 93.493416
277.41708 330.51956 271.77084
266.97678 351.1894 260.57535
265.47794 383.82468 279.7479
293.42477 143.72105 229.41005
306.73145 350.95425 148.50497
302.38382 328.38303 174.19153
225.45828 146.06552 189.81628
326.2866 185.78075 339.69278
175.66042 166.62694 172.03995
208.67287 351.07968 215.82562
292.20688 140.46535 266.31897
185.49777 164.17345 165.48761
329.3068 184.84082 291.5542
363.77637 122.54966 300.6307
302.10065 142.06514 281.81128
228.0683 152.0404 205.62828
262.87167 154.192 89.62598
293.66202 144.86528 230.15166
236.79533 179.92023 185.9286
253.10265 142.37915 255.50558
311.66873 182.74883 264.82535
306.25348 358.18857 176.96257
217.96391 383.70593 260.6385
327.07593 109.82081 305.48135
196.86162 337.12927 151.56033
293.82913 337.20367 287.7728
268.84128 138.765 272.0686
263.85864 299.4793 120.82687
325.20865 170.034 256.47516
214.66278 137.97556 213.1151
315.64914 167.20392 303.06073
330.2596 171.22131 258.55585
261.36212 152.67766 245.43652
236.56131 114.426285 293.03683
203.67336 355.9225 220.55055
262.09546 199.03099 175.4193
190.81409 338.20816 151.22021
280.28003 140.06934 225.85439
272.93607 336.10062 135.23615
171.57823 167.65085 175.10045
264.35565 204.0427 176.36961
287.71768 167.49532 196.24596
284.24353 337.83493 191.71204
235.35483 159.94571 128.77098
294.98093 139.2657 195.15518
330.7452 184.70892 294.97775
245.54623 182.07924 241.43016
286.92032 330.83698 278.16238
303.2359 141.5163 282.59454
280.31604 200.29553 213.43076
380.655 177.3465 161.29266
306.78757 323.14783 283.45145
227.05351 194.53012 235.51788
292.32562 375.7261 272.35828
322.78302 186.17978 332.15115
214.30257 117.84887 287.2988
301.78387 184.25572 211.7497
312.19293 164.60829 265.59576
260.0199 167.17581 86.461006
263.1652 158.85593 89.439606
306.03088 177.17644 161.20938
239.28502 178.84758 245.60829
302.25308 352.7152 181.90636
274.2299 214.3989 142.36595
281.42383 182.54465 177.80936
285.07635 146.67116 172.9296
395.8812 195.60873 244.10764
267.74722 135.58328 274.0461
225.43082 149.33173 206.37686
250.77902 181.23079 162.07841
272.83755 107.94365 296.95154
277.71167 123.628105 276.3323
293.24765 159.20518 200.63188
221.53467 218.37239 183.28859
282.94458 172.79854 157.64993
287.52618 176.36406 250.96562
263.2855 365.41354 267.9599
329.3672 116.33231 300.89832
228.62999 141.7268 193.20953
285.3367 190.12155 210.04535
297.24435 151.12564 203.91919
215.0543 190.64613 246.51819
226.80157 147.0385 144.30843
261.1611 197.3967 175.30609
387.13095 176.99611 163.31682
265.43167 185.712 269.79968
