202 1 93 2883 34.436014956325266
202 1 93 2882 116.89475930712841
202 1 316 1442 2.797692996722537
202 4 33 5546 84.41356796901229
202 14 5 542 2.2215944735006667
203 1 537 2238 2.8897613773225843
203 2 31 4819 2.773118130138402
203 3 182 6230 21.828484314955826
203 3 194 6346 3.316932454146715
203 6 76 9198 3.5083268496036997
203 9 25 9788 2.5407352820484914
203 15 4 688 8.656389635882391
203 15 5 694 2.6727167126678104
204 1 276 3483 7.5851701255134705
204 1 276 3482 10.249217444359644
204 1 276 3481 10.774823361667542
204 1 332 3727 4.157078157886766
204 1 332 3726 2.4973844430903203
204 1 977 5487 157.6949641534634
204 1 1299 1677 3.31711008295327
204 2 314 6611 10.341806295551246
204 2 314 6612 10.573477520151991
204 2 314 6607 72.87482032290885
204 2 314 6606 155.01619603484468
204 2 314 6605 8.09829610188216
204 2 686 7749 3.726464356554192
204 2 708 8011 3.3132650969841717
204 2 750 8352 2.5711941826204714
204 2 821 8935 828.7234458938646
204 3 370 10359 2.685051420300319
204 4 198 12150 4.193386613728418
204 4 198 12151 4.907751284834833
204 4 335 12658 3.2893707366406786
205 1 23 790 695.9833518410296
205 1 23 785 3.1293457412730317
205 1 170 606 119.95760964079243
205 1 452 1423 4.81065522813975
205 1 531 1683 173.30061745091078
205 1 534 1730 3.2547606626602796
